##IBS_Distance_Matrix.AverageTotalSites=2388.7066069428893
##IBS_Distance_Matrix.NumAlleles=3
##IBS_Distance_Matrix.TrueIBS=false
##Matrix_Type=IBS_Distance_Matrix
95
S1_1_HHMYFBGX2_1_Damselfly_A01_X5	0.0	0.18934275	0.18769436	0.18371816	0.18752642	0.0956732	0.18569781	0.18200837	0.19495772	0.45615327	0.4521028	0.4500643	0.46535325	0.45571193	0.45104408	0.42870036	0.4677667	0.4662295	0.2067283	0.19244312	0.19790845	0.18940443	0.19471154	0.20825663	0.1886657	0.19036826	0.19014308	0.19660708	0.20055556	0.19642857	0.1884058	0.18727374	0.19312528	0.20922123	0.20287405	0.18459137	0.19734015	0.1927042	0.4307776	0.19707082	0.19996834	0.19103369	0.42818323	0.19337931	0.18893757	0.1882353	0.1888082	0.20703934	0.20787023	0.20610043	0.20579126	0.2148773	0.20744681	0.20415173	0.21260306	0.2085837	0.21420659	0.22583719	0.21399106	0.22800538	0.2299458	0.21166156	0.2252936	0.23203802	0.22088532	0.21991585	0.22809753	0.23245741	0.22804533	0.22882071	0.22922486	0.23308699	0.22402403	0.22283381	0.22862794	0.22227286	0.4277837	0.42060086	0.4407275	0.19587068	0.44205353	0.43479484	0.43121508	0.19200571	0.44267935	0.44364074	0.4581223	0.48230848	0.46638986	0.47692582	0.4707571	0.4783645	0.4687959	0.47164232	0.45893502
S1_2_HHMYFBGX2_1_Damselfly_A02_X5	0.18934275	0.0	0.18102224	0.18018991	0.08585195	0.18799391	0.19243002	0.19104624	0.18309377	0.465981	0.45263696	0.4532578	0.45268923	0.45829535	0.45539787	0.43157545	0.458159	0.45184135	0.20067264	0.18688081	0.18883662	0.17861184	0.18814513	0.20425408	0.1833544	0.18446602	0.18657231	0.1932731	0.20135053	0.19592384	0.19339164	0.19373657	0.19333011	0.19514768	0.18482225	0.19075866	0.19422103	0.18669803	0.42490917	0.19699432	0.1845754	0.17876588	0.43209082	0.18492524	0.18136364	0.19577134	0.18327239	0.19516908	0.20498843	0.19641538	0.20336391	0.2158406	0.19812185	0.19920975	0.20612046	0.20418766	0.20517136	0.22708145	0.20645282	0.21296978	0.22122571	0.20231125	0.21609232	0.22012967	0.22358121	0.21479419	0.2221872	0.2215311	0.22365259	0.21446346	0.22117962	0.21624605	0.21684764	0.21434064	0.22207358	0.218387	0.43011385	0.42609105	0.44300145	0.19430208	0.44592565	0.438929	0.43609866	0.19033001	0.44329333	0.45013037	0.45853236	0.47766653	0.4802977	0.4749702	0.47450823	0.47590855	0.47516286	0.47289392	0.46725318
S1_3_HHMYFBGX2_1_Damselfly_A03_X5	0.18769436	0.18102224	0.0	0.08929594	0.17237088	0.18730651	0.18986174	0.18646474	0.17238049	0.45079187	0.45986497	0.4472397	0.44719592	0.45355192	0.44275093	0.4318182	0.45603156	0.4564579	0.19628252	0.19009167	0.19156414	0.19810826	0.1923077	0.21061571	0.18932481	0.19267087	0.1832679	0.19824311	0.18827708	0.19262473	0.19337656	0.19449419	0.20026702	0.18602595	0.19408503	0.19606946	0.1895354	0.18410166	0.43293768	0.19153112	0.20004909	0.18282662	0.42592594	0.19445676	0.19191696	0.20354906	0.19847812	0.19958179	0.21151114	0.20458095	0.20762506	0.20558739	0.20080695	0.1952902	0.20725508	0.20352565	0.20742552	0.23498233	0.21670248	0.22469848	0.2240473	0.20219928	0.22300363	0.22766054	0.22800379	0.21483319	0.22510232	0.21682848	0.21892162	0.21825217	0.22117962	0.22120239	0.2204969	0.21922246	0.20925216	0.21480058	0.42731535	0.42517006	0.44227642	0.19569041	0.44605118	0.4447236	0.43925235	0.18541442	0.44393033	0.4445946	0.45041323	0.48291835	0.47041613	0.4817584	0.47816986	0.4762195	0.46739793	0.4642857	0.43808255
S1_4_HHMYFBGX2_1_Damselfly_A04_X5	0.18371816	0.18018991	0.08929594	0.0	0.17530319	0.18930693	0.18099917	0.18451121	0.17897977	0.45799595	0.45153743	0.4353827	0.44005185	0.44384384	0.43632707	0.42531645	0.44021165	0.44493392	0.19370294	0.18502548	0.1911687	0.18747067	0.18904164	0.20335111	0.18548058	0.18191016	0.18484451	0.18672906	0.18548708	0.18910506	0.1871345	0.18760064	0.18983957	0.1875	0.19585899	0.18744889	0.18922599	0.1800736	0.43040684	0.18473895	0.19257796	0.18860947	0.43115318	0.19051415	0.18488556	0.1846298	0.19170533	0.20468557	0.20261163	0.20755596	0.2055628	0.20106609	0.20798437	0.20034029	0.20683973	0.20248777	0.20448235	0.22065821	0.21086644	0.22014925	0.22586343	0.20865192	0.219069	0.22655618	0.21259509	0.21460356	0.2247744	0.21728292	0.2268498	0.21559446	0.20752896	0.21136549	0.2245978	0.20924045	0.21294318	0.21246278	0.42526042	0.42691132	0.43917274	0.18142463	0.4467978	0.44301328	0.42348927	0.18314661	0.44188327	0.43759936	0.45561138	0.47923	0.47936046	0.47193074	0.4660428	0.47295865	0.46934345	0.46354166	0.4368932
S1_5_HHMYFBGX2_1_Damselfly_A05_X5	0.18752642	0.08585195	0.17237088	0.17530319	0.0	0.18984963	0.18655097	0.18535826	0.18300046	0.45208332	0.4557143	0.44492948	0.44760582	0.4520683	0.44285715	0.43151298	0.4593496	0.45323047	0.19264705	0.18934052	0.19063734	0.18313374	0.19045572	0.20164858	0.19137408	0.18825042	0.19018692	0.19045475	0.19898391	0.18886149	0.1909171	0.19170547	0.1884375	0.18960752	0.18221831	0.19156264	0.18691014	0.19068985	0.43138358	0.19329074	0.18258823	0.17838044	0.4313433	0.18676223	0.18322851	0.19844358	0.18500893	0.20044346	0.20356981	0.19693978	0.20453504	0.21010879	0.1988024	0.20188425	0.20581754	0.20439704	0.20707928	0.23165138	0.20875	0.21888945	0.22780325	0.20554371	0.22143166	0.22295853	0.22516704	0.21241409	0.23194082	0.23109059	0.22765559	0.21858752	0.21676005	0.21354392	0.22227192	0.2121677	0.2275	0.21841155	0.4301939	0.43197936	0.4344899	0.19748954	0.4497073	0.4405053	0.43105158	0.19056122	0.43338516	0.44869566	0.44746378	0.47277227	0.4682011	0.45712665	0.4558233	0.47310585	0.4619783	0.45964125	0.45051414
S1_6_HHMYFBGX2_1_Damselfly_A06_X5	0.0956732	0.18799391	0.18730651	0.18930693	0.18984963	0.0	0.18595041	0.18187168	0.19208257	0.45781818	0.4520202	0.45140344	0.4636041	0.45487657	0.451971	0.43236858	0.46732524	0.47143775	0.21043257	0.18819925	0.19741985	0.1884207	0.19255438	0.20810671	0.18691853	0.18818106	0.18850142	0.19674335	0.20079605	0.19447382	0.19185877	0.18714012	0.19247887	0.21130268	0.20478389	0.18520594	0.19491525	0.1907458	0.42691207	0.19360146	0.19434905	0.1899093	0.42629558	0.1946181	0.19162403	0.18931685	0.19013491	0.20736322	0.20547338	0.20434207	0.20598108	0.2161261	0.20722993	0.2020366	0.21292004	0.2061144	0.21440239	0.2275409	0.21474467	0.22630173	0.2288723	0.21108976	0.22360249	0.23125689	0.22095071	0.22075056	0.22586063	0.2307363	0.22836614	0.22876179	0.22639225	0.2327176	0.22528124	0.2219111	0.22713599	0.22134091	0.42606866	0.42226446	0.43869427	0.19686832	0.44309485	0.43554688	0.4337474	0.18894736	0.4389264	0.44303423	0.4579816	0.48006758	0.4655776	0.4774633	0.4709529	0.47778982	0.47036502	0.47044757	0.46167558
S1_7_HHMYFBGX2_1_Damselfly_A07_X5	0.18569781	0.19243002	0.18986174	0.18099917	0.18655097	0.18595041	0.0	0.10113704	0.18693838	0.45167428	0.4514563	0.45069477	0.45821595	0.45513096	0.4409354	0.41666666	0.47622883	0.46377793	0.19310898	0.19071008	0.19959596	0.1881259	0.19701841	0.20776567	0.18731476	0.19142689	0.1848822	0.19194461	0.19783862	0.20410997	0.20057873	0.20086206	0.19772305	0.20422816	0.20247395	0.19458273	0.20189099	0.18678395	0.42988032	0.18685518	0.1997056	0.19303423	0.4309237	0.1907951	0.18679458	0.20149812	0.19545256	0.20260449	0.19535604	0.20616771	0.20292416	0.20835961	0.20717391	0.20114587	0.20685472	0.20723781	0.20456491	0.21708485	0.21183746	0.21877168	0.22565752	0.20886259	0.22169672	0.22102076	0.2117737	0.21316706	0.22207603	0.22561885	0.22057386	0.21636575	0.21792555	0.21941176	0.21834265	0.22101054	0.22516453	0.224375	0.43191093	0.4357839	0.44423792	0.20474985	0.44803372	0.4451291	0.44393188	0.19959825	0.44434988	0.4491995	0.4671799	0.489228	0.4752373	0.47229406	0.4738024	0.48234165	0.47302985	0.47472924	0.48057353
S1_8_HHMYFBGX2_1_Damselfly_A08_X5	0.18200837	0.19104624	0.18646474	0.18451121	0.18535826	0.18187168	0.10113704	0.0	0.19224423	0.45528772	0.45679322	0.4453125	0.45196506	0.45290983	0.44142362	0.43104535	0.4617647	0.45234758	0.19150111	0.19122756	0.20239076	0.18674478	0.19696058	0.20710059	0.18564886	0.18802902	0.18356998	0.19076174	0.20104167	0.19856322	0.19912335	0.19955423	0.19923918	0.19898167	0.19888394	0.19462885	0.19887672	0.18237019	0.42915532	0.19120534	0.19457547	0.191247	0.42922375	0.19051138	0.18633178	0.19553503	0.19217002	0.20284642	0.1989127	0.20371693	0.2051918	0.20671207	0.20874001	0.2008886	0.20352463	0.20674397	0.20535186	0.22194695	0.21138506	0.21807186	0.22504354	0.21245147	0.22105424	0.22298713	0.21835443	0.21323968	0.22099364	0.22982132	0.22089903	0.21718845	0.22063728	0.22041869	0.22254336	0.22379182	0.22389753	0.22172381	0.4244342	0.4300318	0.44046363	0.20151207	0.4409621	0.4347696	0.44567627	0.19936115	0.43927053	0.4445141	0.46190876	0.47882617	0.47282377	0.4711722	0.47234043	0.4720127	0.4679335	0.46989527	0.46726754
S1_9_HHMYFBGX2_1_Damselfly_A09_X5	0.19495772	0.18309377	0.17238049	0.17897977	0.18300046	0.19208257	0.18693838	0.19224423	0.0	0.45134914	0.4460733	0.4332855	0.44241503	0.4432243	0.4357798	0.42014825	0.46458334	0.44672427	0.21260504	0.18993309	0.19837537	0.19022988	0.19463833	0.21544836	0.19449806	0.18654822	0.19450317	0.19389133	0.19990666	0.19363116	0.188757	0.19265625	0.19133663	0.2008547	0.19393802	0.19319987	0.19459541	0.19524433	0.42711726	0.18969697	0.19961579	0.19156851	0.42452008	0.1916177	0.18763424	0.18953212	0.2012987	0.2106825	0.21057075	0.20384903	0.21925874	0.20558202	0.22084309	0.20567495	0.2051617	0.20464	0.20974247	0.22808093	0.21292776	0.2201199	0.22534996	0.21267606	0.2153576	0.2271442	0.22072522	0.21509434	0.2265625	0.2204597	0.22744823	0.21802603	0.21888329	0.22590938	0.22430532	0.21739969	0.21928038	0.22261783	0.43443602	0.42992425	0.44074348	0.2001224	0.4422783	0.4400502	0.42729306	0.1943803	0.44016302	0.44131148	0.4502885	0.4667449	0.46174496	0.4634978	0.46213043	0.46758878	0.45771143	0.45398894	0.45326194
S10_1_HHMYFBGX2_1_Damselfly_H04_X5	0.45615327	0.465981	0.45079187	0.45799595	0.45208332	0.45781818	0.45167428	0.45528772	0.45134914	0.0	0.03125	0.08277592	0.085884355	0.0823955	0.08173077	0.0735768	0.08472222	0.09683099	0.45137978	0.45985663	0.43896484	0.45625	0.4443207	0.46193415	0.4534185	0.46522063	0.45929277	0.45556444	0.44411978	0.4575672	0.4522342	0.44329897	0.460182	0.43562874	0.42524916	0.45621258	0.46325088	0.45019725	0.35485268	0.4406615	0.4500413	0.45639944	0.35570776	0.46420744	0.4653179	0.41181988	0.43620503	0.43514964	0.4482362	0.4341187	0.46001583	0.4484127	0.4316997	0.45349732	0.4521116	0.44345897	0.45010847	0.44950214	0.4321739	0.44072166	0.45535082	0.45127273	0.4597786	0.45626822	0.43778452	0.44232184	0.45353982	0.4210725	0.42193756	0.43560326	0.430837	0.44154876	0.42779922	0.42921552	0.419279	0.41843137	0.3394068	0.34247258	0.34824282	0.4417441	0.35428342	0.34132123	0.35038167	0.44946808	0.34578314	0.2890529	0.29258606	0.2767221	0.28073233	0.28383923	0.284831	0.2784281	0.28039703	0.2675545	0.28952205
S10_2_HHMYFBGX2_1_Damselfly_H05_X5	0.4521028	0.45263696	0.45986497	0.45153743	0.4557143	0.4520202	0.4514563	0.45679322	0.4460733	0.03125	0.0	0.08	0.08301475	0.08181818	0.0786802	0.07204301	0.089803554	0.08738244	0.4530316	0.4565511	0.4450331	0.45428073	0.4527596	0.46285838	0.45717704	0.4549084	0.45282516	0.45826933	0.45446223	0.4628889	0.44403353	0.4457666	0.44470224	0.43741766	0.43691757	0.4507109	0.46546346	0.46161547	0.34704584	0.4471519	0.4509804	0.44189453	0.35177514	0.45368662	0.45425725	0.42358366	0.43175182	0.4397267	0.44856578	0.42666286	0.4524177	0.44143224	0.4266285	0.44356436	0.4484436	0.44871184	0.44958565	0.44521466	0.4312139	0.44251263	0.45450512	0.44121715	0.44985875	0.44326568	0.43630573	0.43378252	0.45283905	0.4261745	0.42133677	0.4304912	0.43253505	0.43539324	0.42588	0.4182891	0.4104177	0.4259727	0.32664135	0.33592233	0.33325014	0.45354578	0.3510204	0.34348914	0.3424084	0.45049796	0.33694556	0.28156146	0.2826934	0.28100199	0.26627386	0.28102565	0.2768595	0.27970558	0.2755102	0.26403642	0.26620948
S10_3_HHMYFBGX2_1_Damselfly_H06_X5	0.4500643	0.4532578	0.4472397	0.4353827	0.44492948	0.45140344	0.45069477	0.4453125	0.4332855	0.08277592	0.08	0.0	0.08359294	0.08197507	0.031468533	0.08452624	0.09037162	0.094023325	0.4375963	0.4540563	0.44874924	0.45476973	0.44595176	0.46002412	0.4507726	0.4515918	0.4393491	0.44251525	0.44609508	0.45231274	0.44545868	0.44299743	0.4356223	0.4313238	0.43419313	0.44493392	0.45742938	0.44128788	0.34355828	0.4509059	0.44038272	0.44160584	0.35187224	0.45833334	0.45202336	0.4289976	0.42656142	0.44469836	0.44315004	0.43488494	0.44576848	0.43726146	0.43927124	0.44923857	0.44226432	0.4453468	0.44345993	0.44157442	0.43656316	0.43333334	0.4497549	0.43982264	0.44865686	0.4460722	0.4315909	0.43461537	0.44632035	0.41361833	0.4208112	0.42826644	0.42604676	0.43164062	0.42837274	0.4116521	0.4034515	0.43034127	0.33392137	0.34089535	0.3446935	0.44267383	0.34364745	0.3422713	0.33794466	0.44328767	0.34532043	0.27438542	0.27501297	0.27647328	0.27311146	0.2853067	0.28742802	0.27434275	0.27807617	0.26955113	0.2650463
S10_4_HHMYFBGX2_1_Damselfly_H07_X5	0.46535325	0.45268923	0.44719592	0.44005185	0.44760582	0.4636041	0.45821595	0.45196506	0.44241503	0.085884355	0.08301475	0.08359294	0.0	0.038854353	0.08259424	0.08122744	0.10136364	0.099464424	0.44979423	0.4581874	0.4497117	0.4646522	0.45462835	0.46728578	0.45399627	0.4568727	0.44795442	0.45150915	0.45503357	0.4535284	0.45615718	0.44945848	0.4593465	0.44298527	0.43886155	0.44949263	0.46188632	0.45081967	0.3531961	0.45260224	0.45025772	0.44543743	0.35635838	0.45790645	0.45414463	0.43665436	0.43367347	0.44931313	0.45031357	0.4338798	0.45285857	0.43867925	0.43603042	0.45084336	0.45851013	0.45961002	0.45409983	0.4568704	0.4440403	0.4374314	0.45313174	0.45489228	0.45125285	0.45531726	0.44661582	0.44025156	0.45041132	0.4263548	0.4337865	0.43426386	0.43282312	0.4391186	0.4391827	0.41948423	0.41731706	0.43420404	0.34196755	0.34814113	0.33702457	0.44945297	0.35174128	0.34163266	0.34964323	0.4486659	0.34006816	0.28554502	0.2909968	0.28478888	0.28207237	0.28664008	0.29000506	0.28970066	0.28180888	0.28746328	0.29176903
S10_5_HHMYFBGX2_1_Damselfly_H08_X5	0.45571193	0.45829535	0.45355192	0.44384384	0.4520683	0.45487657	0.45513096	0.45290983	0.4432243	0.0823955	0.08181818	0.08197507	0.038854353	0.0	0.078516625	0.07543391	0.098130845	0.096346706	0.44108647	0.45861655	0.44623655	0.46843767	0.45399415	0.464382	0.4570943	0.45604396	0.4451336	0.45109192	0.4562551	0.45740086	0.4556434	0.45083982	0.45786518	0.44276392	0.4414791	0.44991583	0.4642155	0.4483812	0.3525357	0.45219123	0.45636624	0.44179896	0.35575408	0.4585366	0.45653045	0.4429066	0.43913043	0.44624835	0.44821507	0.43693238	0.45113477	0.43738574	0.43398058	0.44944814	0.4567474	0.4519475	0.45211038	0.44820088	0.44132784	0.44075948	0.44856128	0.4436937	0.4482614	0.4459845	0.44164106	0.4381422	0.44629475	0.42546847	0.4273743	0.430338	0.43231094	0.43326405	0.43020695	0.41826412	0.41363022	0.43200362	0.34242278	0.343405	0.34563023	0.4558121	0.35143116	0.3370061	0.35227272	0.44884843	0.3476233	0.2840655	0.28525162	0.28188214	0.2788704	0.28404936	0.28878117	0.28468344	0.28005657	0.27877295	0.28708947
S10_6_HHMYFBGX2_1_Damselfly_H09_X5	0.45104408	0.45539787	0.44275093	0.43632707	0.44285715	0.451971	0.4409354	0.44142362	0.4357798	0.08173077	0.0786802	0.031468533	0.08259424	0.078516625	0.0	0.08516082	0.09062776	0.09578544	0.43262988	0.45562	0.44687092	0.45465183	0.4427907	0.46313962	0.4450237	0.4525035	0.43660855	0.44160402	0.44050863	0.45486724	0.44307542	0.44480368	0.44034955	0.43031704	0.4351064	0.44670773	0.45831487	0.44641662	0.3423056	0.447385	0.4387487	0.43948126	0.3510204	0.45535713	0.4533153	0.41320756	0.42527077	0.43962544	0.4430221	0.43262213	0.44872463	0.4352371	0.4354033	0.44662362	0.4454327	0.44433963	0.44227272	0.44005328	0.4307212	0.43503937	0.44909653	0.4386685	0.44439253	0.4481889	0.4297561	0.43137708	0.44602802	0.41872624	0.42252067	0.42521858	0.41383284	0.421875	0.4246169	0.40251023	0.40925	0.4212519	0.33458045	0.33983377	0.34694883	0.44295302	0.34197283	0.3355537	0.34479168	0.43641114	0.34632573	0.2747117	0.27651304	0.2803068	0.27272728	0.28651974	0.2892968	0.27556372	0.27428722	0.2696152	0.26595744
S10_7_HHMYFBGX2_1_Damselfly_H10_X5	0.42870036	0.43157545	0.4318182	0.42531645	0.43151298	0.43236858	0.41666666	0.43104535	0.42014825	0.0735768	0.07204301	0.08452624	0.08122744	0.07543391	0.08516082	0.0	0.08612144	0.08915907	0.40315315	0.43555945	0.41564292	0.44056463	0.42102066	0.44762173	0.4376928	0.43447644	0.42520493	0.4227774	0.4224806	0.4386574	0.43352237	0.4224551	0.4241996	0.40757328	0.41386926	0.4191267	0.44107452	0.42445743	0.3481325	0.4171249	0.42914173	0.40881643	0.35843372	0.4372749	0.43624556	0.3913386	0.41399816	0.42439646	0.42115384	0.41743445	0.42739275	0.41595814	0.42825705	0.4190051	0.43381432	0.431307	0.43208778	0.41884816	0.41473988	0.42018285	0.43092486	0.41894352	0.426956	0.42381525	0.4128125	0.41018686	0.42298287	0.4001233	0.39719626	0.40972644	0.4084249	0.4097606	0.40515596	0.39619118	0.39186573	0.41062176	0.3335684	0.33554268	0.34683794	0.44150499	0.3365321	0.3376422	0.34093788	0.43363163	0.3494016	0.28942013	0.28084648	0.27818063	0.28753644	0.29031166	0.29063362	0.28187457	0.29060125	0.27660972	0.26595744
S10_8_HHMYFBGX2_1_Damselfly_H11_X5	0.4677667	0.458159	0.45603156	0.44021165	0.4593496	0.46732524	0.47622883	0.4617647	0.46458334	0.08472222	0.089803554	0.09037162	0.10136364	0.098130845	0.09062776	0.08612144	0.0	0.098277606	0.45395395	0.46654275	0.46803197	0.46243903	0.4653816	0.46836808	0.44823435	0.4692429	0.4352487	0.45789894	0.46015036	0.46336997	0.45572263	0.45461598	0.45595855	0.4625	0.44918033	0.4601626	0.46840557	0.45537636	0.33962265	0.46122026	0.459375	0.44553706	0.3466934	0.47602475	0.47780287	0.4202454	0.44730076	0.45462185	0.45630667	0.43986744	0.4440966	0.4538793	0.43228537	0.45103985	0.4574551	0.47213376	0.45890936	0.453635	0.44689378	0.43661305	0.46757552	0.4511077	0.4534523	0.45603976	0.44583333	0.4551132	0.4533493	0.42045453	0.43787235	0.44815397	0.4223301	0.43268484	0.43854514	0.41954023	0.4152614	0.42947635	0.32772365	0.33794248	0.33855024	0.4575188	0.35269	0.31882024	0.3225	0.44905096	0.3437761	0.2741722	0.28413284	0.29338175	0.2774102	0.29103214	0.28474575	0.2875	0.27578673	0.27061224	0.25675675
S10_9_HHMYFBGX2_1_Damselfly_H12_X5	0.4662295	0.45184135	0.4564579	0.44493392	0.45323047	0.47143775	0.46377793	0.45234758	0.44672427	0.09683099	0.08738244	0.094023325	0.099464424	0.096346706	0.09578544	0.08915907	0.098277606	0.0	0.4479572	0.45708838	0.45604396	0.44796747	0.45739016	0.46516645	0.46052632	0.45067114	0.4521199	0.4532646	0.45228884	0.46477988	0.44779256	0.44315928	0.45151198	0.4383057	0.4362512	0.45037138	0.4658228	0.4578527	0.34803528	0.44743702	0.4434944	0.45595855	0.35114503	0.46158898	0.4592426	0.42605042	0.43589744	0.4476826	0.45056102	0.4395004	0.44661266	0.44216955	0.43573514	0.43789473	0.4492214	0.45402685	0.44820848	0.4389313	0.4347826	0.42840284	0.45380265	0.45106936	0.44470045	0.44173178	0.43897364	0.43745863	0.43049932	0.42391303	0.423355	0.41931218	0.42183724	0.43297586	0.4318182	0.4068909	0.41090146	0.42142856	0.33663365	0.34276438	0.34706303	0.45118818	0.35568514	0.3524203	0.349162	0.44238684	0.34902245	0.2857143	0.2856031	0.2819788	0.27914354	0.2888725	0.28523985	0.28773233	0.27856082	0.27840114	0.28535354
S2_10_HHMYFBGX2_1_Damselfly_B07_X5	0.2067283	0.20067264	0.19628252	0.19370294	0.19264705	0.21043257	0.19310898	0.19150111	0.21260504	0.45137978	0.4530316	0.4375963	0.44979423	0.44108647	0.43262988	0.40315315	0.45395395	0.4479572	0.0	0.2072989	0.20808679	0.20225422	0.21103556	0.21668288	0.21056825	0.21002077	0.210823	0.097193874	0.20826991	0.2106309	0.21531233	0.20460424	0.20899682	0.2015504	0.21418588	0.1970181	0.21367948	0.19183253	0.42807746	0.21308725	0.21216531	0.1938062	0.43045387	0.20816116	0.20833333	0.1996149	0.21808927	0.21854305	0.21317829	0.21853898	0.21486643	0.21929824	0.21575342	0.21701291	0.21599363	0.21982987	0.2139907	0.23935091	0.2274436	0.23692404	0.22970942	0.21586812	0.2433211	0.23677386	0.23442714	0.22900365	0.24241617	0.23604336	0.23066065	0.23626374	0.22741832	0.2281528	0.22098833	0.22767021	0.22592385	0.229155	0.42340565	0.4053398	0.43410617	0.20707071	0.44974393	0.43927124	0.4355792	0.20774193	0.432799	0.4496208	0.45932326	0.47988507	0.471994	0.4841109	0.4767601	0.4762228	0.47068965	0.47851562	0.45867097
S2_1_HHMYFBGX2_1_Damselfly_A10_X5	0.19244312	0.18688081	0.19009167	0.18502548	0.18934052	0.18819925	0.19071008	0.19122756	0.18993309	0.45985663	0.4565511	0.4540563	0.4581874	0.45861655	0.45562	0.43555945	0.46654275	0.45708838	0.2072989	0.0	0.19777693	0.18764846	0.19453597	0.2080674	0.19107392	0.10099382	0.1927953	0.19719765	0.19538835	0.19888137	0.19149241	0.19243243	0.20292424	0.20589346	0.20016542	0.1888981	0.19916579	0.2021773	0.4262843	0.20285921	0.19227217	0.20185289	0.42298982	0.18694839	0.18169796	0.20887446	0.19899455	0.21154946	0.21194859	0.20985822	0.21225846	0.21392368	0.20821236	0.20833333	0.20904681	0.21597551	0.20834452	0.2342639	0.21710746	0.22377507	0.22822665	0.21759135	0.22729798	0.22874218	0.2279157	0.22296196	0.22513737	0.22466215	0.22932677	0.22794318	0.22585617	0.22684546	0.22711319	0.22363886	0.21962063	0.21755838	0.4314572	0.42615062	0.43816864	0.19765295	0.44267935	0.44245595	0.4359673	0.19538034	0.43821475	0.44544923	0.45518154	0.47873047	0.47117603	0.47888774	0.47492164	0.47793594	0.4740121	0.4689389	0.47009674
S2_2_HHMYFBGX2_1_Damselfly_A11_X5	0.19790845	0.18883662	0.19156414	0.1911687	0.19063734	0.19741985	0.19959596	0.20239076	0.19837537	0.43896484	0.4450331	0.44874924	0.4497117	0.44623655	0.44687092	0.41564292	0.46803197	0.45604396	0.20808679	0.19777693	0.0	0.19346498	0.10977011	0.20839553	0.19823788	0.19198565	0.20056868	0.20552784	0.20302673	0.18200916	0.18222769	0.20059289	0.17194836	0.19467425	0.19154228	0.1992739	0.1832951	0.19508976	0.43475965	0.19217435	0.19402008	0.19903274	0.42761692	0.19495502	0.19367972	0.18173346	0.18643102	0.21331689	0.20477387	0.20785485	0.20241691	0.22104818	0.2172702	0.21308371	0.22258459	0.21563505	0.22259201	0.2386584	0.21442126	0.2244993	0.23103581	0.20926073	0.21801043	0.23308271	0.22955583	0.21918628	0.23381585	0.23163265	0.22711496	0.2264151	0.22468959	0.22294022	0.2289232	0.21455939	0.22793177	0.22014298	0.42930067	0.42952612	0.43803623	0.20031056	0.44796827	0.43231612	0.4327731	0.19395103	0.43931335	0.4571311	0.45408735	0.46934673	0.4590023	0.45885417	0.46024224	0.47544047	0.464992	0.47236437	0.4591346
S2_3_HHMYFBGX2_1_Damselfly_A12_X5	0.18940443	0.17861184	0.19810826	0.18747067	0.18313374	0.1884207	0.1881259	0.18674478	0.19022988	0.45625	0.45428073	0.45476973	0.4646522	0.46843767	0.45465183	0.44056463	0.46243903	0.44796747	0.20225422	0.18764846	0.19346498	0.0	0.1891037	0.16508818	0.18776672	0.18469101	0.19068779	0.19527178	0.19194724	0.19735077	0.18259759	0.19746439	0.17975427	0.19391547	0.19124877	0.19102113	0.19704102	0.19077422	0.42880037	0.2027691	0.18894899	0.19081967	0.42930028	0.18491276	0.18318011	0.20408164	0.18402778	0.19974738	0.2022719	0.19455726	0.20056711	0.20172156	0.19641052	0.19889908	0.2044219	0.2030303	0.20755693	0.2200957	0.21076605	0.2255144	0.22496617	0.21026894	0.21975878	0.22034194	0.21659993	0.21748252	0.22377253	0.21800862	0.21930502	0.21516755	0.21955876	0.22031194	0.21775976	0.21526001	0.21369915	0.21386321	0.43470404	0.4354584	0.44740126	0.1883713	0.44806033	0.43745774	0.44693202	0.18360864	0.44734624	0.45731708	0.46276334	0.48279664	0.46641976	0.47621205	0.47352806	0.4835496	0.46525186	0.48480788	0.47297296
S2_4_HHMYFBGX2_1_Damselfly_B01_X5	0.19471154	0.18814513	0.1923077	0.18904164	0.19045572	0.19255438	0.19701841	0.19696058	0.19463833	0.4443207	0.4527596	0.44595176	0.45462835	0.45399415	0.4427907	0.42102066	0.4653816	0.45739016	0.21103556	0.19453597	0.10977011	0.1891037	0.0	0.20079787	0.19352497	0.19146797	0.1945519	0.20055453	0.19606742	0.18819389	0.17973857	0.19717912	0.17458867	0.20086478	0.19468454	0.19322424	0.18763587	0.19678068	0.42775944	0.18938547	0.19239374	0.18830036	0.4201581	0.19349888	0.18981226	0.18763879	0.18547341	0.21016647	0.20853585	0.20738347	0.20721424	0.21621203	0.21243523	0.208901	0.21578792	0.2130887	0.21400669	0.23171067	0.21813129	0.22853708	0.23451568	0.21114245	0.22252747	0.22827314	0.22585483	0.22036302	0.23244864	0.23067915	0.22602302	0.2232041	0.22131439	0.22131148	0.2284889	0.22307418	0.22728673	0.22433928	0.4252624	0.42580506	0.43756178	0.1985962	0.44272447	0.43980414	0.44420904	0.19254322	0.4373546	0.45305875	0.466152	0.4768131	0.47658458	0.4764727	0.47225264	0.4767312	0.4772388	0.46869472	0.45698428
S2_5_HHMYFBGX2_1_Damselfly_B02_X5	0.20825663	0.20425408	0.21061571	0.20335111	0.20164858	0.20810671	0.20776567	0.20710059	0.21544836	0.46193415	0.46285838	0.46002412	0.46728578	0.464382	0.46313962	0.44762173	0.46836808	0.46516645	0.21668288	0.2080674	0.20839553	0.16508818	0.20079787	0.0	0.20547573	0.20981546	0.20931284	0.20906475	0.2098717	0.21524099	0.20706506	0.20863971	0.20808254	0.21931441	0.21374045	0.203808	0.21183012	0.21240106	0.43816012	0.21697119	0.20885886	0.21786493	0.4374314	0.20194553	0.20151749	0.21704067	0.2067562	0.2174396	0.21582836	0.22053172	0.21988836	0.21984379	0.21636952	0.21630403	0.2231153	0.22011308	0.22204888	0.23818646	0.22711039	0.24457908	0.24143183	0.22745149	0.23889038	0.23751314	0.23333333	0.23284055	0.24146667	0.23889948	0.23905924	0.2379502	0.24177468	0.23930481	0.23775135	0.23886096	0.23401204	0.23691736	0.4386698	0.4367955	0.44670513	0.20948364	0.45055467	0.45319936	0.447541	0.2021205	0.44799018	0.4559073	0.4620022	0.4849214	0.47310832	0.4814692	0.4784946	0.48270547	0.47539574	0.47644573	0.465765
S2_6_HHMYFBGX2_1_Damselfly_B03_X5	0.1886657	0.1833544	0.18932481	0.18548058	0.19137408	0.18691853	0.18731476	0.18564886	0.19449806	0.4534185	0.45717704	0.4507726	0.45399627	0.4570943	0.4450237	0.4376928	0.44823435	0.46052632	0.21056825	0.19107392	0.19823788	0.18776672	0.19352497	0.20547573	0.0	0.18755464	0.08723876	0.19347283	0.18674871	0.19240332	0.19104205	0.19010863	0.19352616	0.2040412	0.20548834	0.18775511	0.1912659	0.19235462	0.42384356	0.19756377	0.19542654	0.19563954	0.4162641	0.18974794	0.19016854	0.20294784	0.19462648	0.20921132	0.20702885	0.208981	0.20481928	0.2111772	0.20761245	0.20217659	0.20858617	0.20338236	0.20633343	0.22555338	0.22547635	0.22609147	0.23122914	0.21136233	0.22044118	0.22732492	0.22057927	0.22599195	0.22837168	0.21536861	0.22436729	0.22910038	0.2191977	0.22288804	0.2199202	0.21878393	0.216875	0.2198383	0.4225972	0.42593408	0.4390121	0.1917923	0.43780744	0.43343022	0.44364163	0.18486938	0.43923965	0.4479419	0.4587505	0.48070797	0.4717709	0.47803807	0.4755646	0.47870335	0.46810117	0.4714747	0.47368422
S2_7_HHMYFBGX2_1_Damselfly_B04_X5	0.19036826	0.18446602	0.19267087	0.18191016	0.18825042	0.18818106	0.19142689	0.18802902	0.18654822	0.46522063	0.4549084	0.4515918	0.4568727	0.45604396	0.4525035	0.43447644	0.4692429	0.45067114	0.21002077	0.10099382	0.19198565	0.18469101	0.19146797	0.20981546	0.18755464	0.0	0.19013858	0.19301753	0.19401298	0.19809264	0.18817045	0.19245976	0.20050068	0.20247447	0.1944919	0.19013272	0.1996997	0.1993976	0.4237007	0.20150943	0.19097888	0.19704005	0.4249802	0.18292342	0.18080977	0.20373134	0.19887103	0.21105154	0.21015601	0.20789023	0.20909666	0.20727159	0.20653567	0.20626514	0.21000893	0.21563774	0.20701262	0.23224647	0.2150052	0.22012258	0.22772278	0.21670908	0.22558679	0.2293617	0.22650602	0.2175334	0.22582497	0.221519	0.22830611	0.22141014	0.2180078	0.22161224	0.22517568	0.21487603	0.21735768	0.21426366	0.4306715	0.42623308	0.43754143	0.19265802	0.44169247	0.44295493	0.43799	0.1924596	0.43752095	0.44461352	0.4511041	0.47721696	0.4659919	0.47548667	0.4738287	0.47491577	0.4730135	0.46608666	0.4674312
S2_8_HHMYFBGX2_1_Damselfly_B05_X5	0.19014308	0.18657231	0.1832679	0.18484451	0.19018692	0.18850142	0.1848822	0.18356998	0.19450317	0.45929277	0.45282516	0.4393491	0.44795442	0.4451336	0.43660855	0.42520493	0.4352487	0.4521199	0.210823	0.1927953	0.20056868	0.19068779	0.1945519	0.20931284	0.08723876	0.19013858	0.0	0.19610523	0.19275776	0.19387442	0.18940154	0.19190642	0.19815092	0.20398441	0.20208816	0.18941101	0.19732802	0.18945055	0.41243175	0.1959883	0.19924678	0.20149253	0.41088223	0.18844222	0.18755847	0.20540759	0.19605513	0.20856859	0.20598233	0.20464939	0.20538838	0.20562029	0.20499067	0.19803657	0.21005327	0.20248204	0.20733249	0.2261236	0.22329348	0.22220114	0.23004332	0.20602219	0.21744792	0.22746164	0.22031885	0.22820842	0.22474094	0.21487331	0.22405829	0.22891179	0.22301024	0.22263601	0.21918505	0.22177902	0.21399248	0.21677597	0.41690543	0.4167883	0.43398717	0.19167443	0.429605	0.43251726	0.42573872	0.186088	0.4350304	0.44064987	0.4481132	0.4709972	0.46613994	0.47412008	0.47273105	0.46648398	0.46731338	0.4625453	0.4627976
S2_9_HHMYFBGX2_1_Damselfly_B06_X5	0.19660708	0.1932731	0.19824311	0.18672906	0.19045475	0.19674335	0.19194461	0.19076174	0.19389133	0.45556444	0.45826933	0.44251525	0.45150915	0.45109192	0.44160402	0.4227774	0.45789894	0.4532646	0.097193874	0.19719765	0.20552784	0.19527178	0.20055453	0.20906475	0.19347283	0.19301753	0.19610523	0.0	0.19782871	0.19932531	0.1955684	0.1881655	0.2004352	0.19678631	0.20185924	0.18618013	0.20252793	0.18118687	0.4300239	0.20083766	0.19975953	0.17900485	0.4303959	0.19516227	0.19280167	0.19504644	0.20268394	0.19958253	0.19882277	0.21113943	0.20470707	0.20887338	0.20920692	0.20153645	0.20704986	0.20411342	0.20480654	0.22319834	0.2149204	0.2221817	0.22195986	0.20983905	0.22047001	0.22335567	0.22153945	0.21792914	0.226172	0.21566455	0.22004765	0.21851853	0.21064639	0.21599008	0.21663411	0.21765836	0.21101527	0.21929535	0.42661983	0.4169001	0.43314266	0.19694272	0.44251585	0.44343618	0.43759286	0.19655831	0.43598992	0.44232017	0.45137104	0.472423	0.46605745	0.47519684	0.46898758	0.4706359	0.4637064	0.46164173	0.44975844
S3_1_HHMYFBGX2_1_Damselfly_B08_X5	0.20055556	0.20135053	0.18827708	0.18548708	0.19898391	0.20079605	0.19783862	0.20104167	0.19990666	0.44411978	0.45446223	0.44609508	0.45503357	0.4562551	0.44050863	0.4224806	0.46015036	0.45228884	0.20826991	0.19538835	0.20302673	0.19194724	0.19606742	0.2098717	0.18674871	0.19401298	0.19275776	0.19782871	0.0	0.19874533	0.1934725	0.19690265	0.19330014	0.1967655	0.20290771	0.195726	0.1967673	0.18856351	0.4301192	0.19693573	0.19833018	0.19740634	0.42926544	0.19846492	0.19589451	0.19236471	0.19772922	0.20192869	0.20340502	0.21358733	0.20309119	0.20924574	0.208351	0.20324115	0.20690157	0.21093082	0.2037088	0.23478496	0.21831226	0.22647849	0.22974785	0.2146604	0.22403982	0.2236842	0.22786304	0.22225313	0.22602932	0.22306809	0.22463995	0.22322923	0.21841092	0.21850282	0.22038198	0.22204642	0.2218533	0.2218363	0.4344523	0.43251273	0.43802452	0.19665046	0.44226873	0.43486804	0.44428968	0.1925389	0.4395122	0.44683993	0.45435286	0.47752044	0.4722003	0.47723293	0.47476006	0.47454545	0.47501823	0.46761972	0.46716946
S3_2_HHMYFBGX2_1_Damselfly_B09_X5	0.19642857	0.19592384	0.19262473	0.18910506	0.18886149	0.19447382	0.20410997	0.19856322	0.19363116	0.4575672	0.4628889	0.45231274	0.4535284	0.45740086	0.45486724	0.4386574	0.46336997	0.46477988	0.2106309	0.19888137	0.18200916	0.19735077	0.18819389	0.21524099	0.19240332	0.19809264	0.19387442	0.19932531	0.19874533	0.0	0.16058807	0.20155247	0.16185477	0.19729425	0.19478653	0.2021044	0.1138314	0.19331789	0.43374956	0.19465375	0.20122324	0.19379194	0.43184358	0.19968304	0.1963584	0.20071943	0.1980897	0.21327484	0.21200232	0.21568628	0.212485	0.21675532	0.21830986	0.20728897	0.21368004	0.21010712	0.21189591	0.23506393	0.22056384	0.22463295	0.23026146	0.21954484	0.23161663	0.23061444	0.22815812	0.22483854	0.22994289	0.22390339	0.22511415	0.22679296	0.225271	0.2272107	0.22582513	0.22378342	0.22500733	0.22353801	0.43896633	0.4325935	0.44384113	0.19810094	0.4482703	0.44302073	0.44868332	0.1900103	0.44442704	0.45302594	0.4655365	0.48313686	0.47165143	0.47869462	0.4749657	0.47879425	0.47482395	0.47322315	0.4592721
S3_3_HHMYFBGX2_1_Damselfly_B10_X5	0.1884058	0.19339164	0.19337656	0.1871345	0.1909171	0.19185877	0.20057873	0.19912335	0.188757	0.4522342	0.44403353	0.44545868	0.45615718	0.4556434	0.44307542	0.43352237	0.45572263	0.44779256	0.21531233	0.19149241	0.18222769	0.18259759	0.17973857	0.20706506	0.19104205	0.18817045	0.18940154	0.1955684	0.1934725	0.16058807	0.0	0.19381443	0.097133756	0.20076674	0.19658494	0.1941265	0.16057256	0.19532865	0.42690393	0.19366062	0.18733378	0.18805179	0.42678425	0.19517544	0.19031791	0.18887207	0.19189908	0.19797823	0.20742495	0.19967994	0.21081786	0.21079692	0.21284081	0.20409448	0.20541796	0.20456608	0.20755269	0.2313368	0.2105452	0.21799858	0.22402412	0.22064479	0.21908073	0.22299497	0.22489014	0.21990535	0.22055739	0.22515243	0.22351378	0.22174302	0.2175994	0.21983148	0.22076899	0.22125371	0.22348243	0.2175096	0.43323275	0.42113563	0.43882516	0.19512194	0.43994966	0.43617022	0.43244246	0.18782383	0.44084704	0.44110274	0.45268595	0.46993032	0.46295512	0.47125998	0.46725732	0.46563843	0.46549684	0.46493846	0.45609066
S3_4_HHMYFBGX2_1_Damselfly_B11_X5	0.18727374	0.19373657	0.19449419	0.18760064	0.19170547	0.18714012	0.20086206	0.19955423	0.19265625	0.44329897	0.4457666	0.44299743	0.44945848	0.45083982	0.44480368	0.4224551	0.45461598	0.44315928	0.20460424	0.19243243	0.20059289	0.19746439	0.19717912	0.20863971	0.19010863	0.19245976	0.19190642	0.1881655	0.19690265	0.20155247	0.19381443	0.0	0.19819005	0.19984537	0.20304568	0.09716877	0.2011263	0.19761905	0.42445004	0.20777778	0.19275776	0.18785796	0.4203574	0.19546704	0.19095615	0.20436068	0.1890166	0.20228337	0.20291379	0.19952735	0.2039555	0.20925245	0.20437181	0.19809636	0.20447892	0.20509537	0.20322403	0.22413327	0.21713696	0.21997301	0.22057635	0.21307607	0.22234891	0.22341314	0.21894456	0.21838276	0.21897914	0.21955773	0.2213993	0.21588367	0.21958043	0.21898016	0.22128935	0.21724504	0.22030303	0.21663648	0.42161393	0.4150341	0.43493038	0.19513513	0.43547297	0.43307087	0.431612	0.19985875	0.43680602	0.44056153	0.45070148	0.47186965	0.4620853	0.46891558	0.46920875	0.46697247	0.4642333	0.46089676	0.4531109
S3_5_HHMYFBGX2_1_Damselfly_B12_X5	0.19312528	0.19333011	0.20026702	0.18983957	0.1884375	0.19247887	0.19772305	0.19923918	0.19133663	0.460182	0.44470224	0.4356223	0.4593465	0.45786518	0.44034955	0.4241996	0.45595855	0.45151198	0.20899682	0.20292424	0.17194836	0.17975427	0.17458867	0.20808254	0.19352616	0.20050068	0.19815092	0.2004352	0.19330014	0.16185477	0.097133756	0.19819005	0.0	0.18935427	0.20075282	0.19340055	0.16294838	0.20353982	0.4314706	0.19561552	0.19263315	0.21125612	0.43869123	0.18856502	0.18663388	0.19926393	0.18686225	0.2084888	0.21387559	0.19994773	0.21862745	0.21270983	0.21285267	0.20679012	0.20926966	0.21044159	0.21444695	0.23744394	0.21334039	0.23002611	0.22365496	0.21253406	0.21481141	0.22445256	0.22710015	0.22031963	0.22762556	0.2256782	0.21987952	0.2170115	0.22198159	0.22535864	0.22182596	0.21747415	0.22407044	0.2184793	0.4297935	0.425634	0.439792	0.20199557	0.44582394	0.43911916	0.4345301	0.19756098	0.4387079	0.45666355	0.4644243	0.4718475	0.46264744	0.46332738	0.46081978	0.4650092	0.4698647	0.46422184	0.452
S3_6_HHMYFBGX2_1_Damselfly_C01_X5	0.20922123	0.19514768	0.18602595	0.1875	0.18960752	0.21130268	0.20422816	0.19898167	0.2008547	0.43562874	0.43741766	0.4313238	0.44298527	0.44276392	0.43031704	0.40757328	0.4625	0.4383057	0.2015504	0.20589346	0.19467425	0.19391547	0.20086478	0.21931441	0.2040412	0.20247447	0.20398441	0.19678631	0.1967655	0.19729425	0.20076674	0.19984537	0.18935427	0.0	0.10031679	0.19771113	0.19864814	0.19921875	0.42992812	0.19980459	0.18798283	0.19338605	0.42814696	0.19624378	0.19305609	0.18054256	0.17829457	0.2048751	0.20555782	0.2023487	0.21491411	0.2097043	0.20980176	0.19766489	0.21906489	0.20514852	0.21472628	0.22982322	0.21850665	0.22245085	0.2247619	0.21164331	0.22121093	0.22925594	0.22536945	0.22133385	0.2317894	0.21917263	0.22050622	0.2297563	0.22217068	0.22472353	0.22025985	0.21245855	0.215	0.22371134	0.4299042	0.42882457	0.43811533	0.2054352	0.44053397	0.42971733	0.4392083	0.19603212	0.44312796	0.4498816	0.4504678	0.46361387	0.45538205	0.45005098	0.44811565	0.4579002	0.45833334	0.45504496	0.445433
S3_7_HHMYFBGX2_1_Damselfly_C02_X5	0.20287405	0.18482225	0.19408503	0.19585899	0.18221831	0.20478389	0.20247395	0.19888394	0.19393802	0.42524916	0.43691757	0.43419313	0.43886155	0.4414791	0.4351064	0.41386926	0.44918033	0.4362512	0.21418588	0.20016542	0.19154228	0.19124877	0.19468454	0.21374045	0.20548834	0.1944919	0.20208816	0.20185924	0.20290771	0.19478653	0.19658494	0.20304568	0.20075282	0.10031679	0.0	0.19663648	0.19637711	0.19611111	0.4172355	0.19755709	0.18478768	0.1919192	0.4232143	0.20494552	0.20091514	0.1813773	0.18152303	0.19768992	0.20596145	0.20833333	0.20915332	0.21470721	0.20341522	0.20367014	0.21269147	0.20229338	0.21845894	0.23294266	0.21677451	0.23480392	0.22697096	0.21310432	0.22793801	0.22721465	0.22515666	0.22302772	0.23673998	0.21995614	0.22297613	0.22703972	0.23073022	0.23330443	0.22274774	0.2106612	0.21497253	0.21694684	0.42908192	0.41949967	0.43317854	0.19634703	0.43331563	0.4412972	0.44103312	0.18819374	0.43746743	0.44073084	0.44693252	0.45986807	0.45820624	0.45987654	0.4558574	0.46287835	0.4635267	0.4606866	0.45869297
S3_8_HHMYFBGX2_1_Damselfly_C03_X5	0.18459137	0.19075866	0.19606946	0.18744889	0.19156264	0.18520594	0.19458273	0.19462885	0.19319987	0.45621258	0.4507109	0.44493392	0.44949263	0.44991583	0.44670773	0.4191267	0.4601626	0.45037138	0.1970181	0.1888981	0.1992739	0.19102113	0.19322424	0.203808	0.18775511	0.19013272	0.18941101	0.18618013	0.195726	0.2021044	0.1941265	0.09716877	0.19340055	0.19771113	0.19663648	0.0	0.20013699	0.19311741	0.4252129	0.19946909	0.19648615	0.18480791	0.42214257	0.18928371	0.18835141	0.20892723	0.19442041	0.19710535	0.20180815	0.1954592	0.19813998	0.21037912	0.20210934	0.19274925	0.20143455	0.20043541	0.20194203	0.22268327	0.21563154	0.21853626	0.21986791	0.21052632	0.21649185	0.22448109	0.21559772	0.214856	0.21938923	0.2182995	0.22170419	0.21854493	0.22347267	0.21913044	0.21854001	0.21577434	0.21545343	0.21461609	0.42108148	0.41329858	0.43486208	0.1945058	0.43790963	0.43514284	0.4289733	0.19823867	0.4350519	0.4412302	0.45441878	0.47517607	0.46116504	0.47091967	0.46894524	0.47184685	0.4608174	0.4625222	0.45289856
S3_9_HHMYFBGX2_1_Damselfly_C04_X5	0.19734015	0.19422103	0.1895354	0.18922599	0.18691014	0.19491525	0.20189099	0.19887672	0.19459541	0.46325088	0.46546346	0.45742938	0.46188632	0.4642155	0.45831487	0.44107452	0.46840557	0.4658228	0.21367948	0.19916579	0.1832951	0.19704102	0.18763587	0.21183012	0.1912659	0.1996997	0.19732802	0.20252793	0.1967673	0.1138314	0.16057256	0.2011263	0.16294838	0.19864814	0.19637711	0.20013699	0.0	0.19238205	0.4343294	0.19495496	0.19604537	0.19127516	0.42961437	0.20198676	0.19818754	0.19820143	0.19358867	0.21219859	0.21100116	0.21177821	0.20798193	0.21777055	0.21561724	0.20603523	0.21458924	0.20911343	0.21135941	0.23596239	0.219103	0.22605427	0.22937208	0.21769437	0.23094974	0.22930108	0.22701232	0.22346444	0.22859868	0.22465181	0.22274666	0.22703874	0.22390343	0.22676326	0.2251809	0.22557423	0.22367263	0.22064005	0.43739337	0.4289539	0.44451353	0.19874804	0.4448589	0.43804586	0.44864866	0.19133265	0.4436951	0.45043227	0.46364653	0.4809336	0.46970275	0.47729585	0.47354862	0.47661743	0.47419584	0.47382373	0.4666955
S4_10_HHMYFBGX2_1_Damselfly_D02_X5	0.1927042	0.18669803	0.18410166	0.1800736	0.19068985	0.1907458	0.18678395	0.18237019	0.19524433	0.45019725	0.46161547	0.44128788	0.45081967	0.4483812	0.44641662	0.42445743	0.45537636	0.4578527	0.19183253	0.2021773	0.19508976	0.19077422	0.19678068	0.21240106	0.19235462	0.1993976	0.18945055	0.18118687	0.18856351	0.19331789	0.19532865	0.19761905	0.20353982	0.19921875	0.19611111	0.19311741	0.19238205	0.0	0.43681175	0.18583415	0.19748455	0.094773516	0.44096652	0.19621003	0.19278753	0.1878585	0.18238637	0.19741774	0.20404722	0.20806152	0.20492867	0.20827998	0.2056541	0.19857562	0.20843571	0.2024577	0.20816891	0.22862746	0.21465477	0.21670534	0.22165953	0.19960159	0.2175061	0.22024047	0.22185014	0.21841155	0.22567622	0.22279686	0.21916011	0.21995968	0.22027475	0.21970004	0.22086664	0.2188862	0.21892236	0.216	0.44639176	0.43879417	0.44865644	0.19149765	0.4596258	0.46920708	0.4442326	0.18279828	0.4536456	0.453958	0.46158162	0.49491096	0.47610822	0.48170412	0.4805058	0.49304068	0.47455332	0.4748954	0.46678966
S4_1_HHMYFBGX2_1_Damselfly_C05_X5	0.4307776	0.42490917	0.43293768	0.43040684	0.43138358	0.42691207	0.42988032	0.42915532	0.42711726	0.35485268	0.34704584	0.34355828	0.3531961	0.3525357	0.3423056	0.3481325	0.33962265	0.34803528	0.42807746	0.4262843	0.43475965	0.42880037	0.42775944	0.43816012	0.42384356	0.4237007	0.41243175	0.4300239	0.4301192	0.43374956	0.42690393	0.42445004	0.4314706	0.42992812	0.4172355	0.4252129	0.4343294	0.43681175	0.0	0.4233415	0.42342904	0.4263323	0.061784446	0.4337973	0.42912966	0.42703232	0.4172394	0.43246356	0.42943943	0.4218681	0.43098593	0.43543243	0.4155917	0.43195036	0.4243005	0.4216778	0.42961773	0.42245895	0.41377005	0.40901098	0.42790133	0.4145946	0.42337662	0.41811594	0.4157754	0.4117861	0.4186769	0.40739357	0.40131578	0.40942028	0.40751708	0.4089416	0.40626216	0.39876032	0.40357423	0.40989053	0.13326772	0.13244256	0.1605826	0.4224017	0.10535976	0.10963357	0.136537	0.42237335	0.1587863	0.33508036	0.3310967	0.35096747	0.33521128	0.33151945	0.33333334	0.35024154	0.33660987	0.3343011	0.3556594
S4_2_HHMYFBGX2_1_Damselfly_C06_X5	0.19707082	0.19699432	0.19153112	0.18473895	0.19329074	0.19360146	0.18685518	0.19120534	0.18969697	0.4406615	0.4471519	0.4509059	0.45260224	0.45219123	0.447385	0.4171249	0.46122026	0.44743702	0.21308725	0.20285921	0.19217435	0.2027691	0.18938547	0.21697119	0.19756377	0.20150943	0.1959883	0.20083766	0.19693573	0.19465375	0.19366062	0.20777778	0.19561552	0.19980459	0.19755709	0.19946909	0.19495496	0.18583415	0.4233415	0.0	0.19487704	0.19354838	0.42159918	0.19302753	0.19163637	0.09344978	0.19936542	0.20150988	0.20252167	0.21095772	0.20727785	0.21268955	0.20391211	0.20188531	0.21370183	0.20803335	0.21517596	0.23942378	0.22560707	0.22592592	0.22377495	0.21832834	0.2172765	0.22900335	0.23066406	0.23114264	0.2266241	0.2262634	0.2296173	0.22665663	0.22410715	0.22668932	0.2226378	0.22576992	0.23041382	0.2238	0.42580804	0.42217118	0.43297586	0.2021045	0.4301948	0.41404536	0.43202147	0.19506116	0.43403873	0.43908045	0.45171505	0.47913703	0.46445623	0.47510982	0.46876538	0.47722724	0.47158524	0.45803356	0.44272622
S4_3_HHMYFBGX2_1_Damselfly_C07_X5	0.19996834	0.1845754	0.20004909	0.19257796	0.18258823	0.19434905	0.1997056	0.19457547	0.19961579	0.4500413	0.4509804	0.44038272	0.45025772	0.45636624	0.4387487	0.42914173	0.459375	0.4434944	0.21216531	0.19227217	0.19402008	0.18894899	0.19239374	0.20885886	0.19542654	0.19097888	0.19924678	0.19975953	0.19833018	0.20122324	0.18733378	0.19275776	0.19263315	0.18798283	0.18478768	0.19648615	0.19604537	0.19748455	0.42342904	0.19487704	0.0	0.18629284	0.42566964	0.19480112	0.19193798	0.1968	0.09168925	0.20440981	0.20568335	0.20503192	0.20462447	0.20693205	0.2062412	0.20260224	0.21111846	0.20779431	0.20730178	0.22855373	0.20742442	0.21589205	0.22077325	0.21329114	0.21359223	0.21573283	0.22506648	0.21442185	0.2182578	0.21617647	0.21489212	0.21230032	0.2128868	0.21472393	0.2157859	0.22226593	0.21487461	0.21537678	0.42801794	0.4208876	0.43214285	0.19629057	0.4373053	0.42698413	0.42963836	0.18838583	0.43361154	0.448082	0.45848134	0.47944665	0.47481686	0.47484663	0.4751861	0.47777778	0.47063795	0.47096774	0.47265223
S4_4_HHMYFBGX2_1_Damselfly_C08_X5	0.19103369	0.17876588	0.18282662	0.18860947	0.17838044	0.1899093	0.19303423	0.191247	0.19156851	0.45639944	0.44189453	0.44160584	0.44543743	0.44179896	0.43948126	0.40881643	0.44553706	0.45595855	0.1938062	0.20185289	0.19903274	0.19081967	0.18830036	0.21786493	0.19563954	0.19704005	0.20149253	0.17900485	0.19740634	0.19379194	0.18805179	0.18785796	0.21125612	0.19338605	0.1919192	0.18480791	0.19127516	0.094773516	0.4263323	0.19354838	0.18629284	0.0	0.42354864	0.19977298	0.1996025	0.18350384	0.18412822	0.20053476	0.20394737	0.20827858	0.20217918	0.21059038	0.20530063	0.20006017	0.2118492	0.1921729	0.20652173	0.2255959	0.20187166	0.22559367	0.22160044	0.19799426	0.21971014	0.22081657	0.21929824	0.2093157	0.23163678	0.22064057	0.22580644	0.22300059	0.21104336	0.2156123	0.2280385	0.22359397	0.21821515	0.21428572	0.42668736	0.4223301	0.42943692	0.19733863	0.45302257	0.4452954	0.4089096	0.183527	0.43292683	0.44663572	0.44676495	0.47515061	0.44611022	0.45961538	0.45871913	0.4727918	0.4483568	0.45904174	0.45218122
S4_5_HHMYFBGX2_1_Damselfly_C09_X5	0.42818323	0.43209082	0.42592594	0.43115318	0.4313433	0.42629558	0.4309237	0.42922375	0.42452008	0.35570776	0.35177514	0.35187224	0.35635838	0.35575408	0.3510204	0.35843372	0.3466934	0.35114503	0.43045387	0.42298982	0.42761692	0.42930028	0.4201581	0.4374314	0.4162641	0.4249802	0.41088223	0.4303959	0.42926544	0.43184358	0.42678425	0.4203574	0.43869123	0.42814696	0.4232143	0.42214257	0.42961437	0.44096652	0.061784446	0.42159918	0.42566964	0.42354864	0.0	0.42569897	0.4211729	0.4253807	0.41621622	0.43711594	0.4246862	0.41280973	0.42581475	0.4322321	0.42017806	0.42572615	0.42388183	0.42368838	0.42993873	0.42212188	0.4132581	0.40696588	0.42346746	0.41267988	0.42052716	0.41406858	0.41872427	0.40802348	0.41321498	0.40722892	0.4016718	0.41239315	0.4099469	0.4067398	0.40442404	0.38845015	0.40232068	0.40491185	0.13068423	0.13370055	0.1505738	0.42249528	0.10283688	0.10829208	0.1344471	0.41583914	0.15113954	0.33572507	0.3308157	0.35088888	0.3361596	0.33107498	0.33448118	0.352019	0.33769268	0.3351968	0.3421342
S4_6_HHMYFBGX2_1_Damselfly_C10_X5	0.19337931	0.18492524	0.19445676	0.19051415	0.18676223	0.1946181	0.1907951	0.19051138	0.1916177	0.46420744	0.45368662	0.45833334	0.45790645	0.4585366	0.45535713	0.4372749	0.47602475	0.46158898	0.20816116	0.18694839	0.19495502	0.18491276	0.19349888	0.20194553	0.18974794	0.18292342	0.18844222	0.19516227	0.19846492	0.19968304	0.19517544	0.19546704	0.18856502	0.19624378	0.20494552	0.18928371	0.20198676	0.19621003	0.4337973	0.19302753	0.19480112	0.19977298	0.42569897	0.0	0.09529442	0.18658358	0.19725738	0.20991592	0.21108805	0.20253165	0.21067931	0.21229558	0.20887673	0.20513578	0.21325022	0.21007337	0.21500544	0.23044991	0.21189591	0.21749252	0.22957146	0.21111111	0.22291373	0.23086454	0.22513166	0.21590282	0.22435002	0.22445776	0.23058933	0.22256014	0.23129134	0.23083404	0.22688204	0.22402938	0.2179718	0.22474444	0.43314567	0.43360034	0.44350192	0.19871624	0.44542724	0.44395116	0.44547325	0.19343576	0.44552216	0.44335705	0.45950636	0.47508475	0.47505847	0.47575018	0.47541565	0.4683773	0.4761302	0.4756516	0.46930605
S4_7_HHMYFBGX2_1_Damselfly_C11_X5	0.18893757	0.18136364	0.19191696	0.18488556	0.18322851	0.19162403	0.18679458	0.18633178	0.18763424	0.4653179	0.45425725	0.45202336	0.45414463	0.45653045	0.4533153	0.43624556	0.47780287	0.4592426	0.20833333	0.18169796	0.19367972	0.18318011	0.18981226	0.20151749	0.19016854	0.18080977	0.18755847	0.19280167	0.19589451	0.1963584	0.19031791	0.19095615	0.18663388	0.19305609	0.20091514	0.18835141	0.19818754	0.19278753	0.42912966	0.19163637	0.19193798	0.1996025	0.4211729	0.09529442	0.0	0.19024926	0.19045608	0.206324	0.20778267	0.20171958	0.20878954	0.20774542	0.20502092	0.20134819	0.20975609	0.20806497	0.2119536	0.2275743	0.20698924	0.22161716	0.22757256	0.20779929	0.2221755	0.22554645	0.22144726	0.2149699	0.22428611	0.22259983	0.22249691	0.22084709	0.2311402	0.22852378	0.22279412	0.21904266	0.21547619	0.22060136	0.43031785	0.42824268	0.43672693	0.19256221	0.4413029	0.44186696	0.44429255	0.18963712	0.43952	0.44434682	0.45690966	0.47623032	0.47056544	0.47264543	0.47291595	0.4711366	0.4701975	0.47225982	0.46337157
S4_8_HHMYFBGX2_1_Damselfly_C12_X5	0.1882353	0.19577134	0.20354906	0.1846298	0.19844358	0.18931685	0.20149812	0.19553503	0.18953212	0.41181988	0.42358366	0.4289976	0.43665436	0.4429066	0.41320756	0.3913386	0.4202454	0.42605042	0.1996149	0.20887446	0.18173346	0.20408164	0.18763879	0.21704067	0.20294784	0.20373134	0.20540759	0.19504644	0.19236471	0.20071943	0.18887207	0.20436068	0.19926393	0.18054256	0.1813773	0.20892723	0.19820143	0.1878585	0.42703232	0.09344978	0.1968	0.18350384	0.4253807	0.18658358	0.19024926	0.0	0.19707318	0.20763993	0.21189736	0.21245734	0.21178344	0.22016937	0.2217262	0.21544401	0.22588055	0.20795795	0.22259013	0.23876198	0.21669477	0.21893744	0.22770467	0.21701649	0.22990233	0.22713643	0.23581974	0.21921922	0.22272727	0.2296268	0.2411813	0.21673004	0.21632124	0.20786092	0.23325545	0.22347826	0.22605966	0.222135	0.4183267	0.41872197	0.43772894	0.18968023	0.442271	0.45310345	0.4389251	0.1862661	0.44182825	0.43883792	0.43599564	0.47047433	0.46551725	0.45612246	0.4513678	0.45867348	0.4730417	0.466	0.45755693
S4_9_HHMYFBGX2_1_Damselfly_D01_X5	0.1888082	0.18327239	0.19847812	0.19170533	0.18500893	0.19013491	0.19545256	0.19217002	0.2012987	0.43620503	0.43175182	0.42656142	0.43367347	0.43913043	0.42527077	0.41399816	0.44730076	0.43589744	0.21808927	0.19899455	0.18643102	0.18402778	0.18547341	0.2067562	0.19462648	0.19887103	0.19605513	0.20268394	0.19772922	0.1980897	0.19189908	0.1890166	0.18686225	0.17829457	0.18152303	0.19442041	0.19358867	0.18238637	0.4172394	0.19936542	0.09168925	0.18412822	0.41621622	0.19725738	0.19045608	0.19707318	0.0	0.20558263	0.19728507	0.1994135	0.20361781	0.21428572	0.20138471	0.20206556	0.20921986	0.20769568	0.20739958	0.2285534	0.20737787	0.21365204	0.21617092	0.20990565	0.20921679	0.21786633	0.2204301	0.21036847	0.21654396	0.21786971	0.21687321	0.2119448	0.21248715	0.20895523	0.21341738	0.21017125	0.21849126	0.21059783	0.42043552	0.4210696	0.43222106	0.19242044	0.4334232	0.430602	0.42307693	0.18380855	0.43664563	0.44391304	0.44969136	0.46692607	0.4629858	0.4587104	0.45472667	0.4652656	0.46160558	0.4543405	0.47020724
S5_10_HHMYFBGX2_1_Damselfly_D12_X5	0.20703934	0.19516908	0.19958179	0.20468557	0.20044346	0.20736322	0.20260449	0.20284642	0.2106825	0.43514964	0.4397267	0.44469836	0.44931313	0.44624835	0.43962544	0.42439646	0.45462185	0.4476826	0.21854305	0.21154946	0.21331689	0.19974738	0.21016647	0.2174396	0.20921132	0.21105154	0.20856859	0.19958253	0.20192869	0.21327484	0.19797823	0.20228337	0.2084888	0.2048751	0.19768992	0.19710535	0.21219859	0.19741774	0.43246356	0.20150988	0.20440981	0.20053476	0.43711594	0.20991592	0.206324	0.20763993	0.20558263	0.0	0.19669811	0.1969323	0.19805194	0.18353426	0.2006608	0.1984721	0.15810397	0.15531537	0.16647466	0.22573718	0.20046248	0.21050788	0.21826978	0.20638174	0.21411411	0.21663727	0.21919726	0.20680012	0.21573	0.22069487	0.21421504	0.21460308	0.21404867	0.21420012	0.2129862	0.2188075	0.21748808	0.22072785	0.43457767	0.42939353	0.4460345	0.20541857	0.44615936	0.45067134	0.45193008	0.20096047	0.4473684	0.4427599	0.45757824	0.47472727	0.469786	0.46522558	0.46177253	0.472685	0.46849316	0.46792036	0.4707249
S5_1_HHMYFBGX2_1_Damselfly_D03_X5	0.20787023	0.20498843	0.21151114	0.20261163	0.20356981	0.20547338	0.19535604	0.1989127	0.21057075	0.4482362	0.44856578	0.44315004	0.45031357	0.44821507	0.4430221	0.42115384	0.45630667	0.45056102	0.21317829	0.21194859	0.20477387	0.2022719	0.20853585	0.21582836	0.20702885	0.21015601	0.20598233	0.19882277	0.20340502	0.21200232	0.20742495	0.20291379	0.21387559	0.20555782	0.20596145	0.20180815	0.21100116	0.20404722	0.42943943	0.20252167	0.20568335	0.20394737	0.4246862	0.21108805	0.20778267	0.21189736	0.19728507	0.19669811	0.0	0.1418728	0.09413085	0.1764706	0.14127055	0.14887194	0.197733	0.19197664	0.20298062	0.21792619	0.20697248	0.22059885	0.21757506	0.20339237	0.2202454	0.2275188	0.20936508	0.20481928	0.22476365	0.22662094	0.22192243	0.21772727	0.21490079	0.21509492	0.21595642	0.21637866	0.22580644	0.2138898	0.420941	0.41127923	0.42786247	0.21015556	0.43630338	0.42865673	0.42487046	0.20904276	0.4290311	0.4454603	0.45794785	0.47720477	0.46297872	0.4701003	0.47014052	0.47418585	0.47231075	0.46647727	0.44783834
S5_2_HHMYFBGX2_1_Damselfly_D04_X5	0.20610043	0.19641538	0.20458095	0.20755596	0.19693978	0.20434207	0.20616771	0.20371693	0.20384903	0.4341187	0.42666286	0.43488494	0.4338798	0.43693238	0.43262213	0.41743445	0.43986744	0.4395004	0.21853898	0.20985822	0.20785485	0.19455726	0.20738347	0.22053172	0.208981	0.20789023	0.20464939	0.21113943	0.21358733	0.21568628	0.19967994	0.19952735	0.19994773	0.2023487	0.20833333	0.1954592	0.21177821	0.20806152	0.4218681	0.21095772	0.20503192	0.20827858	0.41280973	0.20253165	0.20171958	0.21245734	0.1994135	0.1969323	0.1418728	0.0	0.14480874	0.1833394	0.13590361	0.14625971	0.19837914	0.19744122	0.19996664	0.21996027	0.20343435	0.21254495	0.22220394	0.20724687	0.21505006	0.22184761	0.21276218	0.21047297	0.21619767	0.2254628	0.21871455	0.2145046	0.22442244	0.22329427	0.21644476	0.21736401	0.2233809	0.21643141	0.4200263	0.40995383	0.42511013	0.20809917	0.42646447	0.42091152	0.41804636	0.20559007	0.4248287	0.43222684	0.44121847	0.4613916	0.44968855	0.4560296	0.45033258	0.46449438	0.44857916	0.45301723	0.44725958
S5_3_HHMYFBGX2_1_Damselfly_D05_X5	0.20579126	0.20336391	0.20762506	0.2055628	0.20453504	0.20598108	0.20292416	0.2051918	0.21925874	0.46001583	0.4524177	0.44576848	0.45285857	0.45113477	0.44872463	0.42739275	0.4440966	0.44661266	0.21486643	0.21225846	0.20241691	0.20056711	0.20721424	0.21988836	0.20481928	0.20909666	0.20538838	0.20470707	0.20309119	0.212485	0.21081786	0.2039555	0.21862745	0.21491411	0.20915332	0.19813998	0.20798193	0.20492867	0.43098593	0.20727785	0.20462447	0.20217918	0.42581475	0.21067931	0.20878954	0.21178344	0.20361781	0.19805194	0.09413085	0.14480874	0.0	0.17746289	0.14471327	0.14814211	0.20331815	0.19762282	0.20543946	0.2147834	0.2096714	0.21865727	0.22373189	0.20560025	0.22188692	0.22822028	0.21106021	0.20968243	0.22330402	0.22584774	0.21513249	0.21710527	0.21497121	0.21621622	0.21506986	0.21489362	0.22458906	0.21183333	0.425	0.41910377	0.43488628	0.20926711	0.43569255	0.4282622	0.4268018	0.2069498	0.43439585	0.45437017	0.46185884	0.47829458	0.47252992	0.47120732	0.47144008	0.47439075	0.47563997	0.4709005	0.45788965
S5_4_HHMYFBGX2_1_Damselfly_D06_X5	0.2148773	0.2158406	0.20558739	0.20106609	0.21010879	0.2161261	0.20835961	0.20671207	0.20558202	0.4484127	0.44143224	0.43726146	0.43867925	0.43738574	0.4352371	0.41595814	0.4538793	0.44216955	0.21929824	0.21392368	0.22104818	0.20172156	0.21621203	0.21984379	0.2111772	0.20727159	0.20562029	0.20887338	0.20924574	0.21675532	0.21079692	0.20925245	0.21270983	0.2097043	0.21470721	0.21037912	0.21777055	0.20827998	0.43543243	0.21268955	0.20693205	0.21059038	0.4322321	0.21229558	0.20774542	0.22016937	0.21428572	0.18353426	0.1764706	0.1833394	0.17746289	0.0	0.1820018	0.17611076	0.17322457	0.17878222	0.17556562	0.22110778	0.20132498	0.21469949	0.22004163	0.21026894	0.21638525	0.21981046	0.21683425	0.20761934	0.2180287	0.22220473	0.21526118	0.22041512	0.21171342	0.21649969	0.21549755	0.21712539	0.21629213	0.21454605	0.42815307	0.42083332	0.43363473	0.20793413	0.43728876	0.436138	0.4403095	0.19904943	0.43494898	0.43869123	0.44573143	0.46882173	0.45492342	0.46176586	0.46367267	0.46105477	0.45792484	0.45884854	0.4408144
S5_5_HHMYFBGX2_1_Damselfly_D07_X5	0.20744681	0.19812185	0.20080695	0.20798437	0.1988024	0.20722993	0.20717391	0.20874001	0.22084309	0.4316997	0.4266285	0.43927124	0.43603042	0.43398058	0.4354033	0.42825705	0.43228537	0.43573514	0.21575342	0.20821236	0.2172702	0.19641052	0.21243523	0.21636952	0.20761245	0.20653567	0.20499067	0.20920692	0.208351	0.21830986	0.21284081	0.20437181	0.21285267	0.20980176	0.20341522	0.20210934	0.21561724	0.2056541	0.4155917	0.20391211	0.2062412	0.20530063	0.42017806	0.20887673	0.20502092	0.2217262	0.20138471	0.2006608	0.14127055	0.13590361	0.14471327	0.1820018	0.0	0.09777492	0.19415128	0.20663486	0.2059569	0.2176643	0.20582476	0.20982143	0.21354167	0.20046869	0.21017316	0.21615253	0.21185683	0.20568134	0.2082975	0.22290479	0.2173503	0.21351701	0.21559633	0.2187094	0.2191137	0.22364381	0.21998188	0.2203428	0.41129476	0.41226956	0.42908904	0.20454545	0.42162594	0.42799023	0.41304347	0.21123539	0.43182996	0.43235293	0.43975905	0.46005434	0.46256846	0.45025155	0.45	0.45925927	0.46037295	0.44768724	0.45181477
S5_6_HHMYFBGX2_1_Damselfly_D08_X5	0.20415173	0.19920975	0.1952902	0.20034029	0.20188425	0.2020366	0.20114587	0.2008886	0.20567495	0.45349732	0.44356436	0.44923857	0.45084336	0.44944814	0.44662362	0.4190051	0.45103985	0.43789473	0.21701291	0.20833333	0.21308371	0.19889908	0.208901	0.21630403	0.20217659	0.20626514	0.19803657	0.20153645	0.20324115	0.20728897	0.20409448	0.19809636	0.20679012	0.19766489	0.20367014	0.19274925	0.20603523	0.19857562	0.43195036	0.20188531	0.20260224	0.20006017	0.42572615	0.20513578	0.20134819	0.21544401	0.20206556	0.1984721	0.14887194	0.14625971	0.14814211	0.17611076	0.09777492	0.0	0.19613694	0.20119157	0.20059085	0.21754947	0.20837867	0.21075994	0.21300319	0.20533055	0.21842428	0.22185628	0.2164509	0.20774753	0.21398304	0.22146823	0.21279109	0.21506023	0.21250466	0.21568029	0.21067868	0.22354695	0.21682848	0.21585405	0.4230916	0.41776764	0.43947923	0.20046552	0.43947655	0.4323196	0.4285185	0.19804952	0.44051847	0.445734	0.4575669	0.4738113	0.46081772	0.47195727	0.46911198	0.46888626	0.4640588	0.46882042	0.45789972
S5_7_HHMYFBGX2_1_Damselfly_D09_X5	0.21260306	0.20612046	0.20725508	0.20683973	0.20581754	0.21292004	0.20685472	0.20352463	0.2051617	0.4521116	0.4484436	0.44226432	0.45851013	0.4567474	0.4454327	0.43381432	0.4574551	0.4492214	0.21599363	0.20904681	0.22258459	0.2044219	0.21578792	0.2231153	0.20858617	0.21000893	0.21005327	0.20704986	0.20690157	0.21368004	0.20541796	0.20447892	0.20926966	0.21906489	0.21269147	0.20143455	0.21458924	0.20843571	0.4243005	0.21370183	0.21111846	0.2118492	0.42388183	0.21325022	0.20975609	0.22588055	0.20921986	0.15810397	0.197733	0.19837914	0.20331815	0.17322457	0.19415128	0.19613694	0.0	0.16031557	0.10420785	0.22261938	0.20445633	0.22255453	0.22991769	0.21095811	0.22475961	0.22471416	0.21395203	0.20987654	0.22030365	0.22382398	0.22137909	0.21163476	0.21688741	0.21915148	0.21810183	0.21972764	0.22010177	0.2170592	0.42103294	0.40917307	0.43007234	0.214	0.43752238	0.4430605	0.43367347	0.20671116	0.43283582	0.43878186	0.45040983	0.46970248	0.46587104	0.46829268	0.46221042	0.4685571	0.4709325	0.46378675	0.46103895
S5_8_HHMYFBGX2_1_Damselfly_D10_X5	0.2085837	0.20418766	0.20352565	0.20248777	0.20439704	0.2061144	0.20723781	0.20674397	0.20464	0.44345897	0.44871184	0.4453468	0.45961002	0.4519475	0.44433963	0.431307	0.47213376	0.45402685	0.21982987	0.21597551	0.21563505	0.2030303	0.2130887	0.22011308	0.20338236	0.21563774	0.20248204	0.20411342	0.21093082	0.21010712	0.20456608	0.20509537	0.21044159	0.20514852	0.20229338	0.20043541	0.20911343	0.2024577	0.4216778	0.20803335	0.20779431	0.1921729	0.42368838	0.21007337	0.20806497	0.20795795	0.20769568	0.15531537	0.19197664	0.19744122	0.19762282	0.17878222	0.20663486	0.20119157	0.16031557	0.0	0.16131285	0.21698637	0.21004567	0.21132785	0.22024302	0.20941143	0.21455659	0.22079405	0.21027896	0.21139024	0.2150259	0.20989108	0.21778846	0.21744119	0.21207266	0.21625945	0.21406774	0.21451905	0.21003087	0.2167541	0.41745454	0.41401136	0.42880905	0.20730352	0.43512112	0.43262616	0.425107	0.19489685	0.4317801	0.43345544	0.44460055	0.47401908	0.46276596	0.4644154	0.46125597	0.46860904	0.4665533	0.46316725	0.45726103
S5_9_HHMYFBGX2_1_Damselfly_D11_X5	0.21420659	0.20517136	0.20742552	0.20448235	0.20707928	0.21440239	0.20456491	0.20535186	0.20974247	0.45010847	0.44958565	0.44345993	0.45409983	0.45211038	0.44227272	0.43208778	0.45890936	0.44820848	0.2139907	0.20834452	0.22259201	0.20755693	0.21400669	0.22204888	0.20633343	0.20701262	0.20733249	0.20480654	0.2037088	0.21189591	0.20755269	0.20322403	0.21444695	0.21472628	0.21845894	0.20194203	0.21135941	0.20816891	0.42961773	0.21517596	0.20730178	0.20652173	0.42993873	0.21500544	0.2119536	0.22259013	0.20739958	0.16647466	0.20298062	0.19996664	0.20543946	0.17556562	0.2059569	0.20059085	0.10420785	0.16131285	0.0	0.22290772	0.21191604	0.224693	0.22641258	0.21153846	0.2279287	0.22141086	0.21510264	0.21723568	0.22048563	0.22356796	0.22296666	0.21551485	0.21995151	0.217794	0.22042692	0.21944833	0.22028288	0.21188979	0.42656854	0.4247153	0.4340677	0.21259737	0.4437208	0.4436069	0.43991712	0.20896044	0.43691513	0.44273907	0.4458574	0.47501698	0.46357226	0.47296825	0.46884957	0.4746193	0.46981817	0.46650717	0.46560848
S6_10_HHMYFBGX2_1_Damselfly_E10_X5	0.22583719	0.22708145	0.23498233	0.22065821	0.23165138	0.2275409	0.21708485	0.22194695	0.22808093	0.44950214	0.44521466	0.44157442	0.4568704	0.44820088	0.44005328	0.41884816	0.453635	0.4389313	0.23935091	0.2342639	0.2386584	0.2200957	0.23171067	0.23818646	0.22555338	0.23224647	0.2261236	0.22319834	0.23478496	0.23506393	0.2313368	0.22413327	0.23744394	0.22982322	0.23294266	0.22268327	0.23596239	0.22862746	0.42245895	0.23942378	0.22855373	0.2255959	0.42212188	0.23044991	0.2275743	0.23876198	0.2285534	0.22573718	0.21792619	0.21996027	0.2147834	0.22110778	0.2176643	0.21754947	0.22261938	0.21698637	0.22290772	0.0	0.2101932	0.21256992	0.21887235	0.200215	0.2134925	0.20777118	0.103194445	0.21081081	0.21544158	0.20955986	0.21152668	0.21046196	0.20716724	0.20697227	0.2172706	0.21391575	0.2092817	0.20902123	0.4232886	0.4213483	0.43485036	0.23271768	0.43432203	0.4374311	0.4372442	0.22447552	0.43667296	0.42907387	0.4369827	0.46897689	0.45793498	0.4652707	0.46183074	0.4642478	0.45749202	0.4575	0.460262
S6_1_HHMYFBGX2_1_Damselfly_E01_X5	0.21399106	0.20645282	0.21670248	0.21086644	0.20875	0.21474467	0.21183746	0.21138506	0.21292776	0.4321739	0.4312139	0.43656316	0.4440403	0.44132784	0.4307212	0.41473988	0.44689378	0.4347826	0.2274436	0.21710746	0.21442126	0.21076605	0.21813129	0.22711039	0.22547635	0.2150052	0.22329348	0.2149204	0.21831226	0.22056384	0.2105452	0.21713696	0.21334039	0.21850665	0.21677451	0.21563154	0.219103	0.21465477	0.41377005	0.22560707	0.20742442	0.20187166	0.4132581	0.21189591	0.20698924	0.21669477	0.20737787	0.20046248	0.20697248	0.20343435	0.2096714	0.20132498	0.20582476	0.20837867	0.20445633	0.21004567	0.21191604	0.2101932	0.0	0.19644994	0.19565217	0.18845761	0.19526628	0.19795571	0.20420259	0.08933289	0.20411664	0.21292374	0.2038798	0.19552496	0.20473422	0.20883882	0.20330068	0.20138307	0.20329873	0.2020073	0.4190203	0.41726992	0.4337495	0.22123449	0.42857143	0.42857143	0.43235534	0.20930727	0.43587133	0.43546098	0.44348243	0.46776965	0.4664873	0.46336588	0.46001798	0.46579066	0.4586796	0.45448607	0.45764464
S6_2_HHMYFBGX2_1_Damselfly_E02_X5	0.22800538	0.21296978	0.22469848	0.22014925	0.21888945	0.22630173	0.21877168	0.21807186	0.2201199	0.44072166	0.44251263	0.43333334	0.4374314	0.44075948	0.43503937	0.42018285	0.43661305	0.42840284	0.23692404	0.22377507	0.2244993	0.2255144	0.22853708	0.24457908	0.22609147	0.22012258	0.22220114	0.2221817	0.22647849	0.22463295	0.21799858	0.21997301	0.23002611	0.22245085	0.23480392	0.21853626	0.22605427	0.21670534	0.40901098	0.22592592	0.21589205	0.22559367	0.40696588	0.21749252	0.22161716	0.21893744	0.21365204	0.21050788	0.22059885	0.21254495	0.21865727	0.21469949	0.20982143	0.21075994	0.22255453	0.21132785	0.224693	0.21256992	0.19644994	0.0	0.15578778	0.20083752	0.15326379	0.15062831	0.20724382	0.19382304	0.09993425	0.2050397	0.21292491	0.20433751	0.20666394	0.2074795	0.21385327	0.20206186	0.20586108	0.19902562	0.40608808	0.40102565	0.42204195	0.22435898	0.41762766	0.42518127	0.41426215	0.21999164	0.42347547	0.41240364	0.4379441	0.45836854	0.4413893	0.446684	0.44198775	0.45672646	0.4373303	0.4523708	0.44994733
S6_3_HHMYFBGX2_1_Damselfly_E03_X5	0.2299458	0.22122571	0.2240473	0.22586343	0.22780325	0.2288723	0.22565752	0.22504354	0.22534996	0.45535082	0.45450512	0.4497549	0.45313174	0.44856128	0.44909653	0.43092486	0.46757552	0.45380265	0.22970942	0.22822665	0.23103581	0.22496617	0.23451568	0.24143183	0.23122914	0.22772278	0.23004332	0.22195986	0.22974785	0.23026146	0.22402412	0.22057635	0.22365496	0.2247619	0.22697096	0.21986791	0.22937208	0.22165953	0.42790133	0.22377495	0.22077325	0.22160044	0.42346746	0.22957146	0.22757256	0.22770467	0.21617092	0.21826978	0.21757506	0.22220394	0.22373189	0.22004163	0.21354167	0.21300319	0.22991769	0.22024302	0.22641258	0.21887235	0.19565217	0.15578778	0.0	0.20671141	0.16366857	0.166	0.21751574	0.19712056	0.15781671	0.21886319	0.22130647	0.21005677	0.22099353	0.21317087	0.22193211	0.21776406	0.21826445	0.21709177	0.42608398	0.42006594	0.4396525	0.22882245	0.4374595	0.4386973	0.43011478	0.22105081	0.4403569	0.43641114	0.45097306	0.48013788	0.45583776	0.4663837	0.46246555	0.47767228	0.46051246	0.46330124	0.45331588
S6_4_HHMYFBGX2_1_Damselfly_E04_X5	0.21166156	0.20231125	0.20219928	0.20865192	0.20554371	0.21108976	0.20886259	0.21245147	0.21267606	0.45127273	0.44121715	0.43982264	0.45489228	0.4436937	0.4386685	0.41894352	0.4511077	0.45106936	0.21586812	0.21759135	0.20926073	0.21026894	0.21114245	0.22745149	0.21136233	0.21670908	0.20602219	0.20983905	0.2146604	0.21954484	0.22064479	0.21307607	0.21253406	0.21164331	0.21310432	0.21052632	0.21769437	0.19960159	0.4145946	0.21832834	0.21329114	0.19799426	0.41267988	0.21111111	0.20779929	0.21701649	0.20990565	0.20638174	0.20339237	0.20724687	0.20560025	0.21026894	0.20046869	0.20533055	0.21095811	0.20941143	0.21153846	0.200215	0.18845761	0.20083752	0.20671141	0.0	0.2027296	0.2071014	0.19805768	0.19283937	0.20467342	0.20478646	0.20497964	0.20295924	0.20210527	0.20231377	0.20751342	0.20095104	0.20610343	0.20157385	0.4145269	0.40940025	0.42380494	0.21622355	0.42711127	0.42813027	0.42215988	0.21097648	0.42449772	0.43896574	0.45343423	0.4687606	0.45701894	0.4622807	0.4646411	0.46786493	0.46023348	0.4588336	0.4565412
S6_5_HHMYFBGX2_1_Damselfly_E05_X5	0.2252936	0.21609232	0.22300363	0.219069	0.22143166	0.22360249	0.22169672	0.22105424	0.2153576	0.4597786	0.44985875	0.44865686	0.45125285	0.4482614	0.44439253	0.426956	0.4534523	0.44470045	0.2433211	0.22729798	0.21801043	0.21975878	0.22252747	0.23889038	0.22044118	0.22558679	0.21744792	0.22047001	0.22403982	0.23161663	0.21908073	0.22234891	0.21481141	0.22121093	0.22793801	0.21649185	0.23094974	0.2175061	0.42337662	0.2172765	0.21359223	0.21971014	0.42052716	0.22291373	0.2221755	0.22990233	0.20921679	0.21411411	0.2202454	0.21505006	0.22188692	0.21638525	0.21017316	0.21842428	0.22475961	0.21455659	0.2279287	0.2134925	0.19526628	0.15326379	0.16366857	0.2027296	0.0	0.16263366	0.21344233	0.19567075	0.16076022	0.20941558	0.21590546	0.20770112	0.21090132	0.20885341	0.21306472	0.20167917	0.20878442	0.20404072	0.4201087	0.4161938	0.43175024	0.227121	0.4341969	0.44170016	0.4287739	0.22373189	0.43399063	0.436858	0.450996	0.47564822	0.45550588	0.4618182	0.45733726	0.47272047	0.45794216	0.46037668	0.46405822
S6_6_HHMYFBGX2_1_Damselfly_E06_X5	0.23203802	0.22012967	0.22766054	0.22655618	0.22295853	0.23125689	0.22102076	0.22298713	0.2271442	0.45626822	0.44326568	0.4460722	0.45531726	0.4459845	0.4481889	0.42381525	0.45603976	0.44173178	0.23677386	0.22874218	0.23308271	0.22034194	0.22827314	0.23751314	0.22732492	0.2293617	0.22746164	0.22335567	0.2236842	0.23061444	0.22299497	0.22341314	0.22445256	0.22925594	0.22721465	0.22448109	0.22930108	0.22024047	0.41811594	0.22900335	0.21573283	0.22081657	0.41406858	0.23086454	0.22554645	0.22713643	0.21786633	0.21663727	0.2275188	0.22184761	0.22822028	0.21981046	0.21615253	0.22185628	0.22471416	0.22079405	0.22141086	0.20777118	0.19795571	0.15062831	0.166	0.2071014	0.16263366	0.0	0.20471281	0.20030539	0.15749235	0.21338311	0.2155416	0.21136618	0.206655	0.20272186	0.21843208	0.21318373	0.21076505	0.21657108	0.42260006	0.41606614	0.43132842	0.23087357	0.43068144	0.43711397	0.42246175	0.21669628	0.43188453	0.42520857	0.4345631	0.4677914	0.4437008	0.45302013	0.44948232	0.4676128	0.44446474	0.45646164	0.45017955
S6_7_HHMYFBGX2_1_Damselfly_E07_X5	0.22088532	0.22358121	0.22800379	0.21259509	0.22516704	0.22095071	0.2117737	0.21835443	0.22072522	0.43778452	0.43630573	0.4315909	0.44661582	0.44164106	0.4297561	0.4128125	0.44583333	0.43897364	0.23442714	0.2279157	0.22955583	0.21659993	0.22585483	0.23333333	0.22057927	0.22650602	0.22031885	0.22153945	0.22786304	0.22815812	0.22489014	0.21894456	0.22710015	0.22536945	0.22515666	0.21559772	0.22701232	0.22185014	0.4157754	0.23066406	0.22506648	0.21929824	0.41872427	0.22513166	0.22144726	0.23581974	0.2204301	0.21919726	0.20936508	0.21276218	0.21106021	0.21683425	0.21185683	0.2164509	0.21395203	0.21027896	0.21510264	0.103194445	0.20420259	0.20724382	0.21751574	0.19805768	0.21344233	0.20471281	0.0	0.20534396	0.21512151	0.20669112	0.20670852	0.21027622	0.20388706	0.20522052	0.21527998	0.2087994	0.20919834	0.20117871	0.41754916	0.41416892	0.43265587	0.22937772	0.42875135	0.43542653	0.42389706	0.21968563	0.43500173	0.41986173	0.43322274	0.4640511	0.45494738	0.45820725	0.4538314	0.46080342	0.4595126	0.4544271	0.46789423
S6_8_HHMYFBGX2_1_Damselfly_E08_X5	0.21991585	0.21479419	0.21483319	0.21460356	0.21241409	0.22075056	0.21316706	0.21323968	0.21509434	0.44232184	0.43378252	0.43461537	0.44025156	0.4381422	0.43137708	0.41018686	0.4551132	0.43745863	0.22900365	0.22296196	0.21918628	0.21748252	0.22036302	0.23284055	0.22599195	0.2175334	0.22820842	0.21792914	0.22225313	0.22483854	0.21990535	0.21838276	0.22031963	0.22133385	0.22302772	0.214856	0.22346444	0.21841155	0.4117861	0.23114264	0.21442185	0.2093157	0.40802348	0.21590282	0.2149699	0.21921922	0.21036847	0.20680012	0.20481928	0.21047297	0.20968243	0.20761934	0.20568134	0.20774753	0.20987654	0.21139024	0.21723568	0.21081081	0.08933289	0.19382304	0.19712056	0.19283937	0.19567075	0.20030539	0.20534396	0.0	0.20423919	0.21102771	0.20643939	0.19593838	0.20027913	0.20180893	0.20456594	0.2001056	0.20394537	0.20278873	0.4159544	0.4063302	0.4277167	0.22570106	0.42236128	0.42259887	0.42867133	0.21689335	0.42854813	0.4267857	0.44547924	0.46457905	0.4591432	0.46054494	0.4577061	0.4588214	0.45327446	0.45224914	0.4575429
S6_9_HHMYFBGX2_1_Damselfly_E09_X5	0.22809753	0.2221872	0.22510232	0.2247744	0.23194082	0.22586063	0.22207603	0.22099364	0.2265625	0.45353982	0.45283905	0.44632035	0.45041132	0.44629475	0.44602802	0.42298287	0.4533493	0.43049932	0.24241617	0.22513737	0.23381585	0.22377253	0.23244864	0.24146667	0.22837168	0.22582497	0.22474094	0.226172	0.22602932	0.22994289	0.22055739	0.21897914	0.22762556	0.2317894	0.23673998	0.21938923	0.22859868	0.22567622	0.4186769	0.2266241	0.2182578	0.23163678	0.41321498	0.22435002	0.22428611	0.22272727	0.21654396	0.21573	0.22476365	0.21619767	0.22330402	0.2180287	0.2082975	0.21398304	0.22030365	0.2150259	0.22048563	0.21544158	0.20411664	0.09993425	0.15781671	0.20467342	0.16076022	0.15749235	0.21512151	0.20423919	0.0	0.21212122	0.21702331	0.20749362	0.2106098	0.20655596	0.2190433	0.20574589	0.21279854	0.20877944	0.41564748	0.40563992	0.43141738	0.2296408	0.42832705	0.42636988	0.41596344	0.2245412	0.43391562	0.42714632	0.4471305	0.47205833	0.44844124	0.462724	0.45595196	0.46969697	0.454343	0.46489996	0.45471016
S7_1_HHMYFBGX2_1_Damselfly_E11_X5	0.23245741	0.2215311	0.21682848	0.21728292	0.23109059	0.2307363	0.22561885	0.22982132	0.2204597	0.4210725	0.4261745	0.41361833	0.4263548	0.42546847	0.41872624	0.4001233	0.42045453	0.42391303	0.23604336	0.22466215	0.23163265	0.21800862	0.23067915	0.23889948	0.21536861	0.221519	0.21487331	0.21566455	0.22306809	0.22390339	0.22515243	0.21955773	0.2256782	0.21917263	0.21995614	0.2182995	0.22465181	0.22279686	0.40739357	0.2262634	0.21617647	0.22064057	0.40722892	0.22445776	0.22259983	0.2296268	0.21786971	0.22069487	0.22662094	0.2254628	0.22584774	0.22220473	0.22290479	0.22146823	0.22382398	0.20989108	0.22356796	0.20955986	0.21292374	0.2050397	0.21886319	0.20478646	0.20941558	0.21338311	0.20669112	0.21102771	0.21212122	0.0	0.18143596	0.18286704	0.18403028	0.18678582	0.18009259	0.18004338	0.08844657	0.18954758	0.40175954	0.39911893	0.4165	0.22354758	0.42193502	0.41618496	0.40566716	0.21264158	0.4199462	0.41933498	0.42727274	0.45356637	0.44217408	0.44547775	0.44176558	0.45252448	0.44240242	0.43191564	0.4422548
S7_2_HHMYFBGX2_1_Damselfly_E12_X5	0.22804533	0.22365259	0.21892162	0.2268498	0.22765559	0.22836614	0.22057386	0.22089903	0.22744823	0.42193756	0.42133677	0.4208112	0.4337865	0.4273743	0.42252067	0.39719626	0.43787235	0.423355	0.23066065	0.22932677	0.22711496	0.21930502	0.22602302	0.23905924	0.22436729	0.22830611	0.22405829	0.22004765	0.22463995	0.22511415	0.22351378	0.2213993	0.21987952	0.22050622	0.22297613	0.22170419	0.22274666	0.21916011	0.40131578	0.2296173	0.21489212	0.22580644	0.4016718	0.23058933	0.22249691	0.2411813	0.21687321	0.21421504	0.22192243	0.21871455	0.21513249	0.21526118	0.2173503	0.21279109	0.22137909	0.21778846	0.22296666	0.21152668	0.2038798	0.21292491	0.22130647	0.20497964	0.21590546	0.2155416	0.20670852	0.20643939	0.21702331	0.18143596	0.0	0.1867318	0.18127643	0.18716152	0.089509144	0.17839	0.18270855	0.17920054	0.4057476	0.39879808	0.41463414	0.22770749	0.4186805	0.41436636	0.4064665	0.22059406	0.41666666	0.4147541	0.43171903	0.45820373	0.44273618	0.44762096	0.44634145	0.4543022	0.4421402	0.43456838	0.4395122
S7_3_HHMYFBGX2_1_Damselfly_F01_X5	0.22882071	0.21446346	0.21825217	0.21559446	0.21858752	0.22876179	0.21636575	0.21718845	0.21802603	0.43560326	0.4304912	0.42826644	0.43426386	0.430338	0.42521858	0.40972644	0.44815397	0.41931218	0.23626374	0.22794318	0.2264151	0.21516755	0.2232041	0.2379502	0.22910038	0.22141014	0.22891179	0.21851853	0.22322923	0.22679296	0.22174302	0.21588367	0.2170115	0.2297563	0.22703972	0.21854493	0.22703874	0.21995968	0.40942028	0.22665663	0.21230032	0.22300059	0.41239315	0.22256014	0.22084709	0.21673004	0.2119448	0.21460308	0.21772727	0.2145046	0.21710527	0.22041512	0.21351701	0.21506023	0.21163476	0.21744119	0.21551485	0.21046196	0.19552496	0.20433751	0.21005677	0.20295924	0.20770112	0.21136618	0.21027622	0.19593838	0.20749362	0.18286704	0.1867318	0.0	0.18401682	0.1847179	0.18740608	0.18809947	0.17776763	0.18900031	0.41416845	0.4041096	0.42363814	0.22954173	0.42813662	0.42357585	0.41283125	0.22530422	0.4245993	0.4255828	0.44587228	0.4590192	0.44652724	0.4517945	0.45026833	0.45847055	0.45124632	0.44644713	0.4593863
S7_4_HHMYFBGX2_1_Damselfly_F02_X5	0.22922486	0.22117962	0.22117962	0.20752896	0.21676005	0.22639225	0.21792555	0.22063728	0.21888329	0.430837	0.43253505	0.42604676	0.43282312	0.43231094	0.41383284	0.4084249	0.4223301	0.42183724	0.22741832	0.22585617	0.22468959	0.21955876	0.22131439	0.24177468	0.2191977	0.2180078	0.22301024	0.21064639	0.21841092	0.225271	0.2175994	0.21958043	0.22198159	0.22217068	0.23073022	0.22347267	0.22390343	0.22027475	0.40751708	0.22410715	0.2128868	0.21104336	0.4099469	0.23129134	0.2311402	0.21632124	0.21248715	0.21404867	0.21490079	0.22442244	0.21497121	0.21171342	0.21559633	0.21250466	0.21688741	0.21207266	0.21995151	0.20716724	0.20473422	0.20666394	0.22099353	0.20210527	0.21090132	0.206655	0.20388706	0.20027913	0.2106098	0.18403028	0.18127643	0.18401682	0.0	0.087728195	0.17398463	0.1802793	0.17530257	0.18941088	0.3926009	0.3903672	0.40831953	0.22111759	0.4140291	0.41129032	0.40451834	0.21465741	0.4090909	0.40759313	0.41926828	0.4496277	0.4329177	0.44054055	0.4363595	0.44617894	0.43350562	0.42927048	0.42880613
S7_5_HHMYFBGX2_1_Damselfly_F03_X5	0.23308699	0.21624605	0.22120239	0.21136549	0.21354392	0.2327176	0.21941176	0.22041869	0.22590938	0.44154876	0.43539324	0.43164062	0.4391186	0.43326405	0.421875	0.4097606	0.43268484	0.43297586	0.2281528	0.22684546	0.22294022	0.22031194	0.22131148	0.23930481	0.22288804	0.22161224	0.22263601	0.21599008	0.21850282	0.2272107	0.21983148	0.21898016	0.22535864	0.22472353	0.23330443	0.21913044	0.22676326	0.21970004	0.4089416	0.22668932	0.21472393	0.2156123	0.4067398	0.23083404	0.22852378	0.20786092	0.20895523	0.21420012	0.21509492	0.22329427	0.21621622	0.21649969	0.2187094	0.21568029	0.21915148	0.21625945	0.217794	0.20697227	0.20883882	0.2074795	0.21317087	0.20231377	0.20885341	0.20272186	0.20522052	0.20180893	0.20655596	0.18678582	0.18716152	0.1847179	0.087728195	0.0	0.18254688	0.17869844	0.18099199	0.19292063	0.40475333	0.39805195	0.4172369	0.22413793	0.4193438	0.41248575	0.4108146	0.21669081	0.41710526	0.4170717	0.42783913	0.4515625	0.44571313	0.44537964	0.44319418	0.45064935	0.44471332	0.440601	0.43928242
S7_6_HHMYFBGX2_1_Damselfly_F04_X5	0.22402403	0.21684764	0.2204969	0.2245978	0.22227192	0.22528124	0.21834265	0.22254336	0.22430532	0.42779922	0.42588	0.42837274	0.4391827	0.43020695	0.4246169	0.40515596	0.43854514	0.4318182	0.22098833	0.22711319	0.2289232	0.21775976	0.2284889	0.23775135	0.2199202	0.22517568	0.21918505	0.21663411	0.22038198	0.22582513	0.22076899	0.22128935	0.22182596	0.22025985	0.22274774	0.21854001	0.2251809	0.22086664	0.40626216	0.2226378	0.2157859	0.2280385	0.40442404	0.22688204	0.22279412	0.23325545	0.21341738	0.2129862	0.21595642	0.21644476	0.21506986	0.21549755	0.2191137	0.21067868	0.21810183	0.21406774	0.22042692	0.2172706	0.20330068	0.21385327	0.22193211	0.20751342	0.21306472	0.21843208	0.21527998	0.20456594	0.2190433	0.18009259	0.089509144	0.18740608	0.17398463	0.18254688	0.0	0.17986552	0.18175937	0.18416801	0.40829527	0.40607986	0.4238561	0.22827041	0.42121542	0.42360285	0.4145268	0.21896163	0.42307693	0.42020267	0.43592966	0.46242133	0.44077834	0.45139155	0.45188606	0.45707566	0.4405088	0.44047174	0.43836886
S7_7_HHMYFBGX2_1_Damselfly_F05_X5	0.22283381	0.21434064	0.21922246	0.20924045	0.2121677	0.2219111	0.22101054	0.22379182	0.21739969	0.42921552	0.4182891	0.4116521	0.41948423	0.41826412	0.40251023	0.39619118	0.41954023	0.4068909	0.22767021	0.22363886	0.21455939	0.21526001	0.22307418	0.23886096	0.21878393	0.21487603	0.22177902	0.21765836	0.22204642	0.22378342	0.22125371	0.21724504	0.21747415	0.21245855	0.2106612	0.21577434	0.22557423	0.2188862	0.39876032	0.22576992	0.22226593	0.22359397	0.38845015	0.22402938	0.21904266	0.22347826	0.21017125	0.2188075	0.21637866	0.21736401	0.21489362	0.21712539	0.22364381	0.22354695	0.21972764	0.21451905	0.21944833	0.21391575	0.20138307	0.20206186	0.21776406	0.20095104	0.20167917	0.21318373	0.2087994	0.2001056	0.20574589	0.18004338	0.17839	0.18809947	0.1802793	0.17869844	0.17986552	0.0	0.17846328	0.12394418	0.38678393	0.383351	0.40334028	0.22669199	0.40706807	0.40931034	0.39765102	0.21991342	0.40189075	0.42584434	0.42931807	0.43736017	0.43179512	0.43709826	0.43723848	0.43996203	0.42924753	0.42064923	0.4310722
S7_8_HHMYFBGX2_1_Damselfly_F06_X5	0.22862794	0.22207358	0.20925216	0.21294318	0.2275	0.22713599	0.22516453	0.22389753	0.21928038	0.419279	0.4104177	0.4034515	0.41731706	0.41363022	0.40925	0.39186573	0.4152614	0.41090146	0.22592385	0.21962063	0.22793177	0.21369915	0.22728673	0.23401204	0.216875	0.21735768	0.21399248	0.21101527	0.2218533	0.22500733	0.22348243	0.22030303	0.22407044	0.215	0.21497253	0.21545343	0.22367263	0.21892236	0.40357423	0.23041382	0.21487461	0.21821515	0.40232068	0.2179718	0.21547619	0.22605966	0.21849126	0.21748808	0.22580644	0.2233809	0.22458906	0.21629213	0.21998188	0.21682848	0.22010177	0.21003087	0.22028288	0.2092817	0.20329873	0.20586108	0.21826445	0.20610343	0.20878442	0.21076505	0.20919834	0.20394537	0.21279854	0.08844657	0.18270855	0.17776763	0.17530257	0.18099199	0.18175937	0.17846328	0.0	0.19051526	0.39938438	0.3959778	0.41217175	0.22138421	0.42071375	0.41591862	0.4033088	0.21137747	0.41607016	0.41873804	0.42206693	0.45398888	0.43908194	0.43791103	0.43382928	0.45132047	0.4360256	0.43491462	0.45256168
S7_9_HHMYFBGX2_1_Damselfly_F07_X5	0.22227286	0.218387	0.21480058	0.21246278	0.21841155	0.22134091	0.224375	0.22172381	0.22261783	0.41843137	0.4259727	0.43034127	0.43420404	0.43200362	0.4212519	0.41062176	0.42947635	0.42142856	0.229155	0.21755838	0.22014298	0.21386321	0.22433928	0.23691736	0.2198383	0.21426366	0.21677597	0.21929535	0.2218363	0.22353801	0.2175096	0.21663648	0.2184793	0.22371134	0.21694684	0.21461609	0.22064005	0.216	0.40989053	0.2238	0.21537678	0.21428572	0.40491185	0.22474444	0.22060136	0.222135	0.21059783	0.22072785	0.2138898	0.21643141	0.21183333	0.21454605	0.2203428	0.21585405	0.2170592	0.2167541	0.21188979	0.20902123	0.2020073	0.19902562	0.21709177	0.20157385	0.20404072	0.21657108	0.20117871	0.20278873	0.20877944	0.18954758	0.17920054	0.18900031	0.18941088	0.19292063	0.18416801	0.12394418	0.19051526	0.0	0.40736434	0.4069821	0.4179369	0.2230269	0.42030048	0.40966767	0.41211668	0.21539924	0.4178253	0.42479286	0.43399832	0.45235404	0.44784877	0.45291394	0.45138618	0.45564032	0.4473261	0.4375716	0.45801526
S8_1_HHMYFBGX2_1_Damselfly_F08_X5	0.4277837	0.43011385	0.42731535	0.42526042	0.4301939	0.42606866	0.43191093	0.4244342	0.43443602	0.3394068	0.32664135	0.33392137	0.34196755	0.34242278	0.33458045	0.3335684	0.32772365	0.33663365	0.42340565	0.4314572	0.42930067	0.43470404	0.4252624	0.4386698	0.4225972	0.4306715	0.41690543	0.42661983	0.4344523	0.43896633	0.43323275	0.42161393	0.4297935	0.4299042	0.42908192	0.42108148	0.43739337	0.44639176	0.13326772	0.42580804	0.42801794	0.42668736	0.13068423	0.43314567	0.43031785	0.4183267	0.42043552	0.43457767	0.420941	0.4200263	0.425	0.42815307	0.41129476	0.4230916	0.42103294	0.41745454	0.42656854	0.4232886	0.4190203	0.40608808	0.42608398	0.4145269	0.4201087	0.42260006	0.41754916	0.4159544	0.41564748	0.40175954	0.4057476	0.41416845	0.3926009	0.40475333	0.40829527	0.38678393	0.39938438	0.40736434	0.0	0.06209987	0.15255764	0.42800415	0.14003724	0.13939394	0.12979683	0.42346472	0.15141612	0.32602644	0.32270643	0.34173387	0.31910947	0.31831336	0.32171357	0.33576643	0.3204526	0.33021933	0.32553408
S8_2_HHMYFBGX2_1_Damselfly_F09_X5	0.42060086	0.42609105	0.42517006	0.42691132	0.43197936	0.42226446	0.4357839	0.4300318	0.42992425	0.34247258	0.33592233	0.34089535	0.34814113	0.343405	0.33983377	0.33554268	0.33794248	0.34276438	0.4053398	0.42615062	0.42952612	0.4354584	0.42580506	0.4367955	0.42593408	0.42623308	0.4167883	0.4169001	0.43251273	0.4325935	0.42113563	0.4150341	0.425634	0.42882457	0.41949967	0.41329858	0.4289539	0.43879417	0.13244256	0.42217118	0.4208876	0.4223301	0.13370055	0.43360034	0.42824268	0.41872197	0.4210696	0.42939353	0.41127923	0.40995383	0.41910377	0.42083332	0.41226956	0.41776764	0.40917307	0.41401136	0.4247153	0.4213483	0.41726992	0.40102565	0.42006594	0.40940025	0.4161938	0.41606614	0.41416892	0.4063302	0.40563992	0.39911893	0.39879808	0.4041096	0.3903672	0.39805195	0.40607986	0.383351	0.3959778	0.4069821	0.06209987	0.0	0.15335952	0.41936824	0.13484646	0.1401099	0.13065326	0.41456208	0.15076923	0.322	0.32474226	0.3456063	0.3205269	0.32622868	0.32760364	0.34054196	0.3285273	0.33407408	0.3383546
S8_3_HHMYFBGX2_1_Damselfly_F10_X5	0.4407275	0.44300145	0.44227642	0.43917274	0.4344899	0.43869427	0.44423792	0.44046363	0.44074348	0.34824282	0.33325014	0.3446935	0.33702457	0.34563023	0.34694883	0.34683794	0.33855024	0.34706303	0.43410617	0.43816864	0.43803623	0.44740126	0.43756178	0.44670513	0.4390121	0.43754143	0.43398717	0.43314266	0.43802452	0.44384113	0.43882516	0.43493038	0.439792	0.43811533	0.43317854	0.43486208	0.44451353	0.44865644	0.1605826	0.43297586	0.43214285	0.42943692	0.1505738	0.44350192	0.43672693	0.43772894	0.43222106	0.4460345	0.42786247	0.42511013	0.43488628	0.43363473	0.42908904	0.43947923	0.43007234	0.42880905	0.4340677	0.43485036	0.4337495	0.42204195	0.4396525	0.42380494	0.43175024	0.43132842	0.43265587	0.4277167	0.43141738	0.4165	0.41463414	0.42363814	0.40831953	0.4172369	0.4238561	0.40334028	0.41217175	0.4179369	0.15255764	0.15335952	0.0	0.4423378	0.14663708	0.14498568	0.15904218	0.4427416	0.065064296	0.31614786	0.32540676	0.34595776	0.33088234	0.32501876	0.32516155	0.34448355	0.32606155	0.3319266	0.33430234
S8_4_HHMYFBGX2_1_Damselfly_F11_X5	0.19587068	0.19430208	0.19569041	0.18142463	0.19748954	0.19686832	0.20474985	0.20151207	0.2001224	0.4417441	0.45354578	0.44267383	0.44945297	0.4558121	0.44295302	0.44150499	0.4575188	0.45118818	0.20707071	0.19765295	0.20031056	0.1883713	0.1985962	0.20948364	0.1917923	0.19265802	0.19167443	0.19694272	0.19665046	0.19810094	0.19512194	0.19513513	0.20199557	0.2054352	0.19634703	0.1945058	0.19874804	0.19149765	0.4224017	0.2021045	0.19629057	0.19733863	0.42249528	0.19871624	0.19256221	0.18968023	0.19242044	0.20541857	0.21015556	0.20809917	0.20926711	0.20793413	0.20454545	0.20046552	0.214	0.20730352	0.21259737	0.23271768	0.22123449	0.22435898	0.22882245	0.21622355	0.227121	0.23087357	0.22937772	0.22570106	0.2296408	0.22354758	0.22770749	0.22954173	0.22111759	0.22413793	0.22827041	0.22669199	0.22138421	0.2230269	0.42800415	0.41936824	0.4423378	0.0	0.441792	0.4361585	0.42822966	0.09583053	0.44127887	0.44222873	0.4514416	0.4803791	0.4669231	0.47544643	0.47543553	0.47847742	0.4659779	0.4699261	0.46279892
S8_5_HHMYFBGX2_1_Damselfly_F12_X5	0.44205353	0.44592565	0.44605118	0.4467978	0.4497073	0.44309485	0.44803372	0.4409621	0.4422783	0.35428342	0.3510204	0.34364745	0.35174128	0.35143116	0.34197283	0.3365321	0.35269	0.35568514	0.44974393	0.44267935	0.44796827	0.44806033	0.44272447	0.45055467	0.43780744	0.44169247	0.429605	0.44251585	0.44226873	0.4482703	0.43994966	0.43547297	0.44582394	0.44053397	0.43331563	0.43790963	0.4448589	0.4596258	0.10535976	0.4301948	0.4373053	0.45302257	0.10283688	0.44542724	0.4413029	0.442271	0.4334232	0.44615936	0.43630338	0.42646447	0.43569255	0.43728876	0.42162594	0.43947655	0.43752238	0.43512112	0.4437208	0.43432203	0.42857143	0.41762766	0.4374595	0.42711127	0.4341969	0.43068144	0.42875135	0.42236128	0.42832705	0.42193502	0.4186805	0.42813662	0.4140291	0.4193438	0.42121542	0.40706807	0.42071375	0.42030048	0.14003724	0.13484646	0.14663708	0.441792	0.0	0.07286024	0.14019033	0.44010532	0.14660227	0.332668	0.33340508	0.34057143	0.33041576	0.32911146	0.33148953	0.33876884	0.32794178	0.33640552	0.36523047
S8_6_HHMYFBGX2_1_Damselfly_G01_X5	0.43479484	0.438929	0.4447236	0.44301328	0.4405053	0.43554688	0.4451291	0.4347696	0.4400502	0.34132123	0.34348914	0.3422713	0.34163266	0.3370061	0.3355537	0.3376422	0.31882024	0.3524203	0.43927124	0.44245595	0.43231612	0.43745774	0.43980414	0.45319936	0.43343022	0.44295493	0.43251726	0.44343618	0.43486804	0.44302073	0.43617022	0.43307087	0.43911916	0.42971733	0.4412972	0.43514284	0.43804586	0.46920708	0.10963357	0.41404536	0.42698413	0.4452954	0.10829208	0.44395116	0.44186696	0.45310345	0.430602	0.45067134	0.42865673	0.42091152	0.4282622	0.436138	0.42799023	0.4323196	0.4430605	0.43262616	0.4436069	0.4374311	0.42857143	0.42518127	0.4386973	0.42813027	0.44170016	0.43711397	0.43542653	0.42259887	0.42636988	0.41618496	0.41436636	0.42357585	0.41129032	0.41248575	0.42360285	0.40931034	0.41591862	0.40966767	0.13939394	0.1401099	0.14498568	0.4361585	0.07286024	0.0	0.15141612	0.43597773	0.14537573	0.3304829	0.33262107	0.33859536	0.33274522	0.32437745	0.3279499	0.33862254	0.33043477	0.33268103	0.3517192
S8_7_HHMYFBGX2_1_Damselfly_G02_X5	0.43121508	0.43609866	0.43925235	0.42348927	0.43105158	0.4337474	0.44393188	0.44567627	0.42729306	0.35038167	0.3424084	0.33794466	0.34964323	0.35227272	0.34479168	0.34093788	0.3225	0.349162	0.4355792	0.4359673	0.4327731	0.44693202	0.44420904	0.447541	0.44364163	0.43799	0.42573872	0.43759286	0.44428968	0.44868332	0.43244246	0.431612	0.4345301	0.4392083	0.44103312	0.4289733	0.44864866	0.4442326	0.136537	0.43202147	0.42963836	0.4089096	0.1344471	0.44547325	0.44429255	0.4389251	0.42307693	0.45193008	0.42487046	0.41804636	0.4268018	0.4403095	0.41304347	0.4285185	0.43367347	0.425107	0.43991712	0.4372442	0.43235534	0.41426215	0.43011478	0.42215988	0.4287739	0.42246175	0.42389706	0.42867133	0.41596344	0.40566716	0.4064665	0.41283125	0.40451834	0.4108146	0.4145268	0.39765102	0.4033088	0.41211668	0.12979683	0.13065326	0.15904218	0.42822966	0.14019033	0.15141612	0.0	0.43183744	0.15764791	0.31376263	0.31969425	0.33901054	0.33713785	0.32089552	0.32289055	0.33318967	0.33040202	0.32843137	0.3436975
S8_8_HHMYFBGX2_1_Damselfly_G03_X5	0.19200571	0.19033001	0.18541442	0.18314661	0.19056122	0.18894736	0.19959825	0.19936115	0.1943803	0.44946808	0.45049796	0.44328767	0.4486659	0.44884843	0.43641114	0.43363163	0.44905096	0.44238684	0.20774193	0.19538034	0.19395103	0.18360864	0.19254322	0.2021205	0.18486938	0.1924596	0.186088	0.19655831	0.1925389	0.1900103	0.18782383	0.19985875	0.19756098	0.19603212	0.18819374	0.19823867	0.19133265	0.18279828	0.42237335	0.19506116	0.18838583	0.183527	0.41583914	0.19343576	0.18963712	0.1862661	0.18380855	0.20096047	0.20904276	0.20559007	0.2069498	0.19904943	0.21123539	0.19804952	0.20671116	0.19489685	0.20896044	0.22447552	0.20930727	0.21999164	0.22105081	0.21097648	0.22373189	0.21669628	0.21968563	0.21689335	0.2245412	0.21264158	0.22059406	0.22530422	0.21465741	0.21669081	0.21896163	0.21991342	0.21137747	0.21539924	0.42346472	0.41456208	0.4427416	0.09583053	0.44010532	0.43597773	0.43183744	0.0	0.4448498	0.445708	0.45477387	0.47637263	0.46756208	0.47205544	0.4702018	0.47610033	0.4642688	0.4698334	0.46221247
S8_9_HHMYFBGX2_1_Damselfly_G04_X5	0.44267935	0.44329333	0.44393033	0.44188327	0.43338516	0.4389264	0.44434988	0.43927053	0.44016302	0.34578314	0.33694556	0.34532043	0.34006816	0.3476233	0.34632573	0.3494016	0.3437761	0.34902245	0.432799	0.43821475	0.43931335	0.44734624	0.4373546	0.44799018	0.43923965	0.43752095	0.4350304	0.43598992	0.4395122	0.44442704	0.44084704	0.43680602	0.4387079	0.44312796	0.43746743	0.4350519	0.4436951	0.4536456	0.1587863	0.43403873	0.43361154	0.43292683	0.15113954	0.44552216	0.43952	0.44182825	0.43664563	0.4473684	0.4290311	0.4248287	0.43439585	0.43494898	0.43182996	0.44051847	0.43283582	0.4317801	0.43691513	0.43667296	0.43587133	0.42347547	0.4403569	0.42449772	0.43399063	0.43188453	0.43500173	0.42854813	0.43391562	0.4199462	0.41666666	0.4245993	0.4090909	0.41710526	0.42307693	0.40189075	0.41607016	0.4178253	0.15141612	0.15076923	0.065064296	0.44127887	0.14660227	0.14537573	0.15764791	0.4448498	0.0	0.3107843	0.32234895	0.3422893	0.3317042	0.3243346	0.32640493	0.3411788	0.32612115	0.33172542	0.33528838
S9_10_HHMYFBGX2_1_Damselfly_H03_X5	0.44364074	0.45013037	0.4445946	0.43759936	0.44869566	0.44303423	0.4491995	0.4445141	0.44131148	0.2890529	0.28156146	0.27438542	0.28554502	0.2840655	0.2747117	0.28942013	0.2741722	0.2857143	0.4496208	0.44544923	0.4571311	0.45731708	0.45305875	0.4559073	0.4479419	0.44461352	0.44064987	0.44232017	0.44683993	0.45302594	0.44110274	0.44056153	0.45666355	0.4498816	0.44073084	0.4412302	0.45043227	0.453958	0.33508036	0.43908045	0.448082	0.44663572	0.33572507	0.44335705	0.44434682	0.43883792	0.44391304	0.4427599	0.4454603	0.43222684	0.45437017	0.43869123	0.43235293	0.445734	0.43878186	0.43345544	0.44273907	0.42907387	0.43546098	0.41240364	0.43641114	0.43896574	0.436858	0.42520857	0.41986173	0.4267857	0.42714632	0.41933498	0.4147541	0.4255828	0.40759313	0.4170717	0.42020267	0.42584434	0.41873804	0.42479286	0.32602644	0.322	0.31614786	0.44222873	0.332668	0.3304829	0.31376263	0.445708	0.3107843	0.0	0.055190932	0.18107769	0.15817039	0.16452442	0.16515838	0.17455621	0.1574074	0.1721519	0.17291066
S9_1_HHMYFBGX2_1_Damselfly_G05_X5	0.4581223	0.45853236	0.45041323	0.45561138	0.44746378	0.4579816	0.4671799	0.46190876	0.4502885	0.29258606	0.2826934	0.27501297	0.2909968	0.28525162	0.27651304	0.28084648	0.28413284	0.2856031	0.45932326	0.45518154	0.45408735	0.46276334	0.466152	0.4620022	0.4587505	0.4511041	0.4481132	0.45137104	0.45435286	0.4655365	0.45268595	0.45070148	0.4644243	0.4504678	0.44693252	0.45441878	0.46364653	0.46158162	0.3310967	0.45171505	0.45848134	0.44676495	0.3308157	0.45950636	0.45690966	0.43599564	0.44969136	0.45757824	0.45794785	0.44121847	0.46185884	0.44573143	0.43975905	0.4575669	0.45040983	0.44460055	0.4458574	0.4369827	0.44348243	0.4379441	0.45097306	0.45343423	0.450996	0.4345631	0.43322274	0.44547924	0.4471305	0.42727274	0.43171903	0.44587228	0.41926828	0.42783913	0.43592966	0.42931807	0.42206693	0.43399832	0.32270643	0.32474226	0.32540676	0.4514416	0.33340508	0.33262107	0.31969425	0.45477387	0.32234895	0.055190932	0.0	0.18466258	0.16503951	0.17287569	0.17230444	0.17675021	0.16289198	0.18014857	0.19663513
S9_2_HHMYFBGX2_1_Damselfly_G06_X5	0.48230848	0.47766653	0.48291835	0.47923	0.47277227	0.48006758	0.489228	0.47882617	0.4667449	0.2767221	0.28100199	0.27647328	0.28478888	0.28188214	0.2803068	0.27818063	0.29338175	0.2819788	0.47988507	0.47873047	0.46934673	0.48279664	0.4768131	0.4849214	0.48070797	0.47721696	0.4709972	0.472423	0.47752044	0.48313686	0.46993032	0.47186965	0.4718475	0.46361387	0.45986807	0.47517607	0.4809336	0.49491096	0.35096747	0.47913703	0.47944665	0.47515061	0.35088888	0.47508475	0.47623032	0.47047433	0.46692607	0.47472727	0.47720477	0.4613916	0.47829458	0.46882173	0.46005434	0.4738113	0.46970248	0.47401908	0.47501698	0.46897689	0.46776965	0.45836854	0.48013788	0.4687606	0.47564822	0.4677914	0.4640511	0.46457905	0.47205833	0.45356637	0.45820373	0.4590192	0.4496277	0.4515625	0.46242133	0.43736017	0.45398888	0.45235404	0.34173387	0.3456063	0.34595776	0.4803791	0.34057143	0.33859536	0.33901054	0.47637263	0.3422893	0.18107769	0.18466258	0.0	0.17925312	0.1790767	0.18262345	0.07787733	0.18443415	0.17881756	0.1795476
S9_3_HHMYFBGX2_1_Damselfly_G07_X5	0.46638986	0.4802977	0.47041613	0.47936046	0.4682011	0.4655776	0.4752373	0.47282377	0.46174496	0.28073233	0.26627386	0.27311146	0.28207237	0.2788704	0.27272728	0.28753644	0.2774102	0.27914354	0.471994	0.47117603	0.4590023	0.46641976	0.47658458	0.47310832	0.4717709	0.4659919	0.46613994	0.46605745	0.4722003	0.47165143	0.46295512	0.4620853	0.46264744	0.45538205	0.45820624	0.46116504	0.46970275	0.47610822	0.33521128	0.46445623	0.47481686	0.44611022	0.3361596	0.47505847	0.47056544	0.46551725	0.4629858	0.469786	0.46297872	0.44968855	0.47252992	0.45492342	0.46256846	0.46081772	0.46587104	0.46276596	0.46357226	0.45793498	0.4664873	0.4413893	0.45583776	0.45701894	0.45550588	0.4437008	0.45494738	0.4591432	0.44844124	0.44217408	0.44273618	0.44652724	0.4329177	0.44571313	0.44077834	0.43179512	0.43908194	0.44784877	0.31910947	0.3205269	0.33088234	0.4669231	0.33041576	0.33274522	0.33713785	0.46756208	0.3317042	0.15817039	0.16503951	0.17925312	0.0	0.16432226	0.1629678	0.17824176	0.066523604	0.16281027	0.1670103
S9_4_HHMYFBGX2_1_Damselfly_G08_X5	0.47692582	0.4749702	0.4817584	0.47193074	0.45712665	0.4774633	0.47229406	0.4711722	0.4634978	0.28383923	0.28102565	0.2853067	0.28664008	0.28404936	0.28651974	0.29031166	0.29103214	0.2888725	0.4841109	0.47888774	0.45885417	0.47621205	0.4764727	0.4814692	0.47803807	0.47548667	0.47412008	0.47519684	0.47723293	0.47869462	0.47125998	0.46891558	0.46332738	0.45005098	0.45987654	0.47091967	0.47729585	0.48170412	0.33151945	0.47510982	0.47484663	0.45961538	0.33107498	0.47575018	0.47264543	0.45612246	0.4587104	0.46522558	0.4701003	0.4560296	0.47120732	0.46176586	0.45025155	0.47195727	0.46829268	0.4644154	0.47296825	0.4652707	0.46336588	0.446684	0.4663837	0.4622807	0.4618182	0.45302013	0.45820725	0.46054494	0.462724	0.44547775	0.44762096	0.4517945	0.44054055	0.44537964	0.45139155	0.43709826	0.43791103	0.45291394	0.31831336	0.32622868	0.32501876	0.47544643	0.32911146	0.32437745	0.32089552	0.47205544	0.3243346	0.16452442	0.17287569	0.1790767	0.16432226	0.0	0.06054823	0.17964427	0.16462208	0.16884573	0.18125595
S9_5_HHMYFBGX2_1_Damselfly_G09_X5	0.4707571	0.47450823	0.47816986	0.4660428	0.4558233	0.4709529	0.4738024	0.47234043	0.46213043	0.284831	0.2768595	0.28742802	0.29000506	0.28878117	0.2892968	0.29063362	0.28474575	0.28523985	0.4767601	0.47492164	0.46024224	0.47352806	0.47225264	0.4784946	0.4755646	0.4738287	0.47273105	0.46898758	0.47476006	0.4749657	0.46725732	0.46920875	0.46081978	0.44811565	0.4558574	0.46894524	0.47354862	0.4805058	0.33333334	0.46876538	0.4751861	0.45871913	0.33448118	0.47541565	0.47291595	0.4513678	0.45472667	0.46177253	0.47014052	0.45033258	0.47144008	0.46367267	0.45	0.46911198	0.46221042	0.46125597	0.46884957	0.46183074	0.46001798	0.44198775	0.46246555	0.4646411	0.45733726	0.44948232	0.4538314	0.4577061	0.45595196	0.44176558	0.44634145	0.45026833	0.4363595	0.44319418	0.45188606	0.43723848	0.43382928	0.45138618	0.32171357	0.32760364	0.32516155	0.47543553	0.33148953	0.3279499	0.32289055	0.4702018	0.32640493	0.16515838	0.17230444	0.18262345	0.1629678	0.06054823	0.0	0.18251103	0.16498993	0.16905661	0.17891683
S9_6_HHMYFBGX2_1_Damselfly_G10_X5	0.4783645	0.47590855	0.4762195	0.47295865	0.47310585	0.47778982	0.48234165	0.4720127	0.46758878	0.2784281	0.27970558	0.27434275	0.28970066	0.28468344	0.27556372	0.28187457	0.2875	0.28773233	0.4762228	0.47793594	0.47544047	0.4835496	0.4767312	0.48270547	0.47870335	0.47491577	0.46648398	0.4706359	0.47454545	0.47879425	0.46563843	0.46697247	0.4650092	0.4579002	0.46287835	0.47184685	0.47661743	0.49304068	0.35024154	0.47722724	0.47777778	0.4727918	0.352019	0.4683773	0.4711366	0.45867348	0.4652656	0.472685	0.47418585	0.46449438	0.47439075	0.46105477	0.45925927	0.46888626	0.4685571	0.46860904	0.4746193	0.4642478	0.46579066	0.45672646	0.47767228	0.46786493	0.47272047	0.4676128	0.46080342	0.4588214	0.46969697	0.45252448	0.4543022	0.45847055	0.44617894	0.45064935	0.45707566	0.43996203	0.45132047	0.45564032	0.33576643	0.34054196	0.34448355	0.47847742	0.33876884	0.33862254	0.33318967	0.47610033	0.3411788	0.17455621	0.17675021	0.07787733	0.17824176	0.17964427	0.18251103	0.0	0.18215461	0.1792087	0.17632613
S9_7_HHMYFBGX2_1_Damselfly_G11_X5	0.4687959	0.47516286	0.46739793	0.46934345	0.4619783	0.47036502	0.47302985	0.4679335	0.45771143	0.28039703	0.2755102	0.27807617	0.28180888	0.28005657	0.27428722	0.29060125	0.27578673	0.27856082	0.47068965	0.4740121	0.464992	0.46525186	0.4772388	0.47539574	0.46810117	0.4730135	0.46731338	0.4637064	0.47501823	0.47482395	0.46549684	0.4642333	0.4698647	0.45833334	0.4635267	0.4608174	0.47419584	0.47455332	0.33660987	0.47158524	0.47063795	0.4483568	0.33769268	0.4761302	0.4701975	0.4730417	0.46160558	0.46849316	0.47231075	0.44857916	0.47563997	0.45792484	0.46037295	0.4640588	0.4709325	0.4665533	0.46981817	0.45749202	0.4586796	0.4373303	0.46051246	0.46023348	0.45794216	0.44446474	0.4595126	0.45327446	0.454343	0.44240242	0.4421402	0.45124632	0.43350562	0.44471332	0.4405088	0.42924753	0.4360256	0.4473261	0.3204526	0.3285273	0.32606155	0.4659779	0.32794178	0.33043477	0.33040202	0.4642688	0.32612115	0.1574074	0.16289198	0.18443415	0.066523604	0.16462208	0.16498993	0.18215461	0.0	0.16666667	0.17270058
S9_8_HHMYFBGX2_1_Damselfly_G12_X5	0.47164232	0.47289392	0.4642857	0.46354166	0.45964125	0.47044757	0.47472924	0.46989527	0.45398894	0.2675545	0.26403642	0.26955113	0.28746328	0.27877295	0.2696152	0.27660972	0.27061224	0.27840114	0.47851562	0.4689389	0.47236437	0.48480788	0.46869472	0.47644573	0.4714747	0.46608666	0.4625453	0.46164173	0.46761972	0.47322315	0.46493846	0.46089676	0.46422184	0.45504496	0.4606866	0.4625222	0.47382373	0.4748954	0.3343011	0.45803356	0.47096774	0.45904174	0.3351968	0.4756516	0.47225982	0.466	0.4543405	0.46792036	0.46647727	0.45301723	0.4709005	0.45884854	0.44768724	0.46882042	0.46378675	0.46316725	0.46650717	0.4575	0.45448607	0.4523708	0.46330124	0.4588336	0.46037668	0.45646164	0.4544271	0.45224914	0.46489996	0.43191564	0.43456838	0.44644713	0.42927048	0.440601	0.44047174	0.42064923	0.43491462	0.4375716	0.33021933	0.33407408	0.3319266	0.4699261	0.33640552	0.33268103	0.32843137	0.4698334	0.33172542	0.1721519	0.18014857	0.17881756	0.16281027	0.16884573	0.16905661	0.1792087	0.16666667	0.0	0.06574539
S9_9_HHMYFBGX2_1_Damselfly_H01_X5	0.45893502	0.46725318	0.43808255	0.4368932	0.45051414	0.46167558	0.48057353	0.46726754	0.45326194	0.28952205	0.26620948	0.2650463	0.29176903	0.28708947	0.26595744	0.26595744	0.25675675	0.28535354	0.45867097	0.47009674	0.4591346	0.47297296	0.45698428	0.465765	0.47368422	0.4674312	0.4627976	0.44975844	0.46716946	0.4592721	0.45609066	0.4531109	0.452	0.445433	0.45869297	0.45289856	0.4666955	0.46678966	0.3556594	0.44272622	0.47265223	0.45218122	0.3421342	0.46930605	0.46337157	0.45755693	0.47020724	0.4707249	0.44783834	0.44725958	0.45788965	0.4408144	0.45181477	0.45789972	0.46103895	0.45726103	0.46560848	0.460262	0.45764464	0.44994733	0.45331588	0.4565412	0.46405822	0.45017955	0.46789423	0.4575429	0.45471016	0.4422548	0.4395122	0.4593863	0.42880613	0.43928242	0.43836886	0.4310722	0.45256168	0.45801526	0.32553408	0.3383546	0.33430234	0.46279892	0.36523047	0.3517192	0.3436975	0.46221247	0.33528838	0.17291066	0.19663513	0.1795476	0.1670103	0.18125595	0.17891683	0.17632613	0.17270058	0.06574539	0.0
